0.0000000000,0.0000000000,0.0000000000,0.0002555612,0.0000000000,0.0000000000,0.1429075432,0.0000000000,0.0002269644,0.0002404012,0.0001663917,0.0000000000,0.0000000000,0.0000025791,0.0002340337,0.2462541945,0.0001202798,0.6095920511
0.0000000000,0.0000000000,1.0000000000,0.0000000000,0.0000000000,0.0000000000,0.0000000000,0.0000000000,0.0000000000,0.0000000000,0.0000000000,0.0000000000,0.0000000000,0.0000000000,0.0000000000,0.0000000000,0.0000000000,0.0000000000
1.0000000000,0.0000000000,0.0000000000,0.0000000000,0.0000000000,0.0000000000,0.0000000000,0.0000000000,0.0000000000,0.0000000000,0.0000000000,0.0000000000,0.0000000000,0.0000000000,0.0000000000,0.0000000000,0.0000000000,0.0000000000
0.0000000000,0.0000000000,0.0000000000,0.0000408753,0.0000000000,0.0000000000,0.1202514524,0.0000000000,0.0000195612,0.0001147223,0.0000681859,0.0000000000,0.0000000000,0.0000671333,0.0000480100,0.5216690605,0.0001004345,0.3576205647
0.0000000000,0.0000000000,1.0000000000,0.0000000000,0.0000000000,0.0000000000,0.0000000000,0.0000000000,0.0000000000,0.0000000000,0.0000000000,0.0000000000,0.0000000000,0.0000000000,0.0000000000,0.0000000000,0.0000000000,0.0000000000
0.0000000000,1.0000000000,0.0000000000,0.0000000000,0.0000000000,0.0000000000,0.0000000000,0.0000000000,0.0000000000,0.0000000000,0.0000000000,0.0000000000,0.0000000000,0.0000000000,0.0000000000,0.0000000000,0.0000000000,0.0000000000
0.0007899408,0.0000000000,0.0000000000,0.0005008274,0.0000000000,0.0000000000,0.7495040082,0.0000000000,0.0011463160,0.0000918069,0.0004427504,0.0000000000,0.0000000000,0.0003737492,0.0011774257,0.2455469240,0.0002514825,0.0001747687
0.0721429412,0.0846414238,0.0000000000,0.0000000000,0.0000000000,0.0000000000,0.0900679744,0.0000000000,0.0384134035,0.1054769492,0.0485399299,0.0000000000,0.0000000000,0.0860898145,0.0483033730,0.1231975254,0.1532116379,0.1499150273
0.0102714302,0.9739208866,0.0000000000,0.0071039286,0.0000000000,0.0087037546,0.0000000000,0.0000000000,0.0000000000,0.0000000000,0.0000000000,0.0000000000,0.0000000000,0.0000000000,0.0000000000,0.0000000000,0.0000000000,0.0000000000
0.0000000000,0.0000000000,0.0000000000,0.0000000000,1.0000000000,0.0000000000,0.0000000000,0.0000000000,0.0000000000,0.0000000000,0.0000000000,0.0000000000,0.0000000000,0.0000000000,0.0000000000,0.0000000000,0.0000000000,0.0000000000
0.0000000000,0.0000000000,0.0000000000,0.0000000000,0.0000000000,0.0000000000,0.8012913604,0.0000000000,0.0005435566,0.0010790070,0.0004794030,0.0000000000,0.0000000000,0.0005825181,0.0004571836,0.1953882350,0.0000056916,0.0001730448
0.0000000000,0.0000000000,0.0000000000,0.0000000000,0.0000000000,0.0000000000,0.0000000000,0.2816480866,0.0001032242,0.0000332663,0.0005258942,0.0000000000,0.0000000000,0.0005591742,0.0787023305,0.4294502053,0.0003593552,0.2086184636
0.2103732272,0.7322433553,0.0000000000,0.0004618845,0.0005672880,0.0563542451,0.0000000000,0.0000000000,0.0000000000,0.0000000000,0.0000000000,0.0000000000,0.0000000000,0.0000000000,0.0000000000,0.0000000000,0.0000000000,0.0000000000
0.1821730888,0.0221825399,0.0000000000,0.0196403940,0.0018801831,0.0509416510,0.0750651931,0.0000000000,0.0000000000,0.0757916444,0.0854393056,0.0000000000,0.0000000000,0.1607150184,0.0962172366,0.0833082824,0.0164680638,0.1301773991
0.0459732152,0.0395888688,0.0000000000,0.0873624162,0.0973665723,0.1315203054,0.0518692988,0.0000000000,0.1155572844,0.0000000000,0.1206320348,0.0000000000,0.0000000000,0.1030101735,0.0407651417,0.1222148683,0.0423973202,0.0017425005
0.0389086436,0.0967971999,0.0000000000,0.0994205145,0.1184754674,0.0068195139,0.0320027077,0.0000000000,0.1237577821,0.1398987923,0.0000000000,0.0000000000,0.0000000000,0.1129838599,0.1028885090,0.0222496825,0.0430259872,0.0627713400
0.0819338415,0.0944327638,0.0000000000,0.0253906343,0.0323984308,0.1145881992,0.0660130572,0.0000000000,0.0421653430,0.0556081126,0.1440818651,0.0000000000,0.0000000000,0.1062016625,0.0378570627,0.0440992022,0.1377110019,0.0175188232
0.0076620511,0.0209354488,0.0000000000,0.0931365028,0.1367745855,0.0171657961,0.1518875446,0.0000000000,0.0714615685,0.1508604736,0.0702666985,0.0000000000,0.0000000000,0.0010083065,0.0172288839,0.0490124011,0.0964563569,0.1161433822
0.1062139736,0.0681553812,0.0000000000,0.0059602262,0.0876987664,0.1000928615,0.0687714702,0.0000000000,0.1252774573,0.0514055368,0.0856702824,0.0000000000,0.0000000000,0.0000000000,0.0985744744,0.0687099078,0.0641272018,0.0693424605
0.1050131677,0.0996400710,0.0000000000,0.1125312856,0.0606840153,0.1188994189,0.0234578350,0.0000000000,0.0756841974,0.0640262538,0.0128263437,0.0000000000,0.0000000000,0.0924666600,0.0000000000,0.0953039356,0.1017098293,0.0377569868
0.0000000000,0.0000000000,0.0000000000,0.0000000000,0.0000000000,0.0000000000,0.0000000000,0.0000000000,0.0000000000,0.0000000000,0.0000000000,0.0000000000,0.0000000000,0.0000000000,0.0000000000,0.0000000000,0.2322810772,0.7677189228
0.0001522768,0.4963189503,0.0000000000,0.0000718871,0.0000742472,0.1208900273,0.3815341984,0.0000000000,0.0002781193,0.0002209389,0.0000844768,0.0000000000,0.0000000000,0.0001656287,0.0002092491,0.0000000000,0.0000000000,0.0000000000
0.1280375367,0.0168079660,0.0000000000,0.0883529366,0.1337442476,0.0571594518,0.0056658953,0.0000000000,0.0753870151,0.0601824657,0.0919290902,0.0000000000,0.0000000000,0.0996348682,0.1761848808,0.0189994917,0.0000000000,0.0479141542
0.0000806958,0.6226014608,0.0000000000,0.0000580674,0.0001031551,0.2559494889,0.0000022306,0.0000000000,0.0003317667,0.0000090234,0.0001583389,0.0000000000,0.0000000000,0.0002819184,0.0000262554,0.1203185936,0.0000790049,0.0000000000
