0.0000000000,0.0000000000,0.0000000000,0.0002900883,0.0000000000,0.0000000000,0.0002041447,0.0000000000,0.0001591347,0.0002910299,0.0004414033,0.0000000000,0.0000000000,0.0004620864,0.0861578635,0.8105665198,0.0003531218,0.1010746077
0.0000000000,0.0000000000,1.0000000000,0.0000000000,0.0000000000,0.0000000000,0.0000000000,0.0000000000,0.0000000000,0.0000000000,0.0000000000,0.0000000000,0.0000000000,0.0000000000,0.0000000000,0.0000000000,0.0000000000,0.0000000000
1.0000000000,0.0000000000,0.0000000000,0.0000000000,0.0000000000,0.0000000000,0.0000000000,0.0000000000,0.0000000000,0.0000000000,0.0000000000,0.0000000000,0.0000000000,0.0000000000,0.0000000000,0.0000000000,0.0000000000,0.0000000000
0.0000000000,0.0000000000,0.0000000000,0.0000600758,0.0000000000,0.0000000000,0.3028732334,0.0000000000,0.0000837152,0.0000983646,0.0000625757,0.0000000000,0.0000000000,0.0000487860,0.0001131971,0.3784478131,0.0000797037,0.3181325353
0.0000000000,0.0000000000,1.0000000000,0.0000000000,0.0000000000,0.0000000000,0.0000000000,0.0000000000,0.0000000000,0.0000000000,0.0000000000,0.0000000000,0.0000000000,0.0000000000,0.0000000000,0.0000000000,0.0000000000,0.0000000000
0.0000000000,1.0000000000,0.0000000000,0.0000000000,0.0000000000,0.0000000000,0.0000000000,0.0000000000,0.0000000000,0.0000000000,0.0000000000,0.0000000000,0.0000000000,0.0000000000,0.0000000000,0.0000000000,0.0000000000,0.0000000000
0.8910448220,0.0000000000,0.0000000000,0.0005730992,0.0000000000,0.0000000000,0.1061916295,0.0000000000,0.0002880288,0.0001645432,0.0005009227,0.0000000000,0.0000000000,0.0001202976,0.0003594810,0.0001599146,0.0003686382,0.0002286232
0.1168017855,0.0279755378,0.0000000000,0.0000000000,0.0000000000,0.0000000000,0.1318958321,0.0000000000,0.1185956353,0.1280460090,0.1158124557,0.0000000000,0.0000000000,0.0323531703,0.0992657408,0.0203682736,0.0984126543,0.1104729056
0.0008717701,0.4487100435,0.0000000000,0.0002834135,0.0000000000,0.5501347729,0.0000000000,0.0000000000,0.0000000000,0.0000000000,0.0000000000,0.0000000000,0.0000000000,0.0000000000,0.0000000000,0.0000000000,0.0000000000,0.0000000000
0.0000000000,0.0000000000,0.0000000000,0.0000000000,1.0000000000,0.0000000000,0.0000000000,0.0000000000,0.0000000000,0.0000000000,0.0000000000,0.0000000000,0.0000000000,0.0000000000,0.0000000000,0.0000000000,0.0000000000,0.0000000000
0.0000000000,0.0000000000,0.0000000000,0.0000000000,0.0000000000,0.0000000000,0.6607350238,0.0000000000,0.0001654931,0.0006929442,0.0006217284,0.0000000000,0.0000000000,0.0007517331,0.0007658076,0.2036188549,0.0004128317,0.1322355832
0.0000000000,0.0000000000,0.0000000000,0.0000000000,0.0000000000,0.0000000000,0.0000000000,0.3349898270,0.0004426330,0.0000213982,0.0004400869,0.0000000000,0.0000000000,0.0003000167,0.0001766623,0.5444779311,0.0004721208,0.1186793241
0.0002905332,0.8528768270,0.0000000000,0.0002505875,0.0007729119,0.1458091403,0.0000000000,0.0000000000,0.0000000000,0.0000000000,0.0000000000,0.0000000000,0.0000000000,0.0000000000,0.0000000000,0.0000000000,0.0000000000,0.0000000000
0.0805013259,0.0070496749,0.0000000000,0.0963144164,0.1182936191,0.0512591414,0.1359022045,0.0000000000,0.0000000000,0.0113836411,0.1347767838,0.0000000000,0.0000000000,0.0636712223,0.0305072383,0.0044066392,0.1289429827,0.1369911103
0.0230872904,0.0160603309,0.0000000000,0.0377159726,0.0020062950,0.1052685486,0.0432151883,0.0000000000,0.1685051694,0.0000000000,0.1831958676,0.0000000000,0.0000000000,0.0574984929,0.1180373748,0.0017404461,0.1452190892,0.0984499341
0.0511057784,0.0297003657,0.0000000000,0.1345905820,0.1121700097,0.0317752275,0.0312598646,0.0000000000,0.1190232038,0.0837687806,0.0000000000,0.0000000000,0.0000000000,0.0033329918,0.1508407507,0.0896526390,0.0677931681,0.0949866381
0.1133732880,0.0942305723,0.0000000000,0.0347696318,0.0754957092,0.0985156835,0.0097612241,0.0000000000,0.0689921821,0.0725600708,0.0963454678,0.0000000000,0.0000000000,0.0727862142,0.0882181393,0.0946967349,0.0747815634,0.0054735185
0.0709839941,0.0089700663,0.0000000000,0.1295025802,0.0925775913,0.1216949791,0.0472884666,0.0000000000,0.0240254428,0.0119531343,0.0630102310,0.0000000000,0.0000000000,0.0972700833,0.0464196884,0.0781007180,0.1101164783,0.0980865464
0.0575784577,0.0818904376,0.0000000000,0.0652368962,0.0544456278,0.0405019578,0.1365738610,0.0000000000,0.0610996672,0.1017777148,0.0364390083,0.0000000000,0.0000000000,0.0000000000,0.1409309229,0.0572512696,0.0520446611,0.1142295180
0.0766560166,0.0963702341,0.0000000000,0.0747121205,0.0285422032,0.0069452421,0.0373213793,0.0000000000,0.0677680692,0.1125391734,0.1267193248,0.0000000000,0.0000000000,0.0739779399,0.0000000000,0.1239026514,0.0785095126,0.0960361326
0.0000000000,0.0000000000,0.0000000000,0.0000000000,0.0000000000,0.0000000000,0.0000000000,0.0000000000,0.0000000000,0.0000000000,0.0000000000,0.0000000000,0.0000000000,0.0000000000,0.0000000000,0.0000000000,0.1731686771,0.8268313229
0.0000172423,0.7555037901,0.0000000000,0.0001392695,0.0000947593,0.2436133844,0.0001151621,0.0000000000,0.0001533960,0.0001711557,0.0000370595,0.0000000000,0.0000000000,0.0000279664,0.0001268149,0.0000000000,0.0000000000,0.0000000000
0.1168937839,0.0028926580,0.0000000000,0.0781030760,0.1107517465,0.1538833685,0.1202454425,0.0000000000,0.0562832274,0.0000105166,0.0090106349,0.0000000000,0.0000000000,0.0851469918,0.0431244453,0.0832794279,0.0000000000,0.1403746807
0.0001402072,0.3487154801,0.0000000000,0.0000557640,0.0001706916,0.3182322163,0.3320333656,0.0000000000,0.0000532440,0.0000857148,0.0000602046,0.0000000000,0.0000000000,0.0000250159,0.0001329252,0.0001432120,0.0001519587,0.0000000000
