0.0000000000,0.0000000000,0.0000000000,0.0002171409,0.0000000000,0.0000000000,0.2577509756,0.0000000000,0.0004177037,0.0001628356,0.0003141094,0.0000000000,0.0000000000,0.0002994811,0.0003691783,0.1132963607,0.0000834988,0.6270887159
0.0000000000,0.0000000000,1.0000000000,0.0000000000,0.0000000000,0.0000000000,0.0000000000,0.0000000000,0.0000000000,0.0000000000,0.0000000000,0.0000000000,0.0000000000,0.0000000000,0.0000000000,0.0000000000,0.0000000000,0.0000000000
1.0000000000,0.0000000000,0.0000000000,0.0000000000,0.0000000000,0.0000000000,0.0000000000,0.0000000000,0.0000000000,0.0000000000,0.0000000000,0.0000000000,0.0000000000,0.0000000000,0.0000000000,0.0000000000,0.0000000000,0.0000000000
0.0000000000,0.0000000000,0.0000000000,0.0000056185,0.0000000000,0.0000000000,0.2326982812,0.0000000000,0.0000026007,0.0000745099,0.0000973933,0.0000000000,0.0000000000,0.0000284938,0.0203792017,0.5362386975,0.0001172959,0.2103579074
0.0000000000,0.0000000000,1.0000000000,0.0000000000,0.0000000000,0.0000000000,0.0000000000,0.0000000000,0.0000000000,0.0000000000,0.0000000000,0.0000000000,0.0000000000,0.0000000000,0.0000000000,0.0000000000,0.0000000000,0.0000000000
0.0000000000,1.0000000000,0.0000000000,0.0000000000,0.0000000000,0.0000000000,0.0000000000,0.0000000000,0.0000000000,0.0000000000,0.0000000000,0.0000000000,0.0000000000,0.0000000000,0.0000000000,0.0000000000,0.0000000000,0.0000000000
0.6160826725,0.0000000000,0.0000000000,0.0001544402,0.0000000000,0.0000000000,0.1373096407,0.0000000000,0.0005436302,0.0000590994,0.0003675107,0.0000000000,0.0000000000,0.0006813772,0.0002255518,0.2434862893,0.0005292574,0.0005605306
0.0621216385,0.1728100827,0.0000000000,0.0000000000,0.0000000000,0.0000000000,0.0058436449,0.0000000000,0.1800242924,0.0244664135,0.1487601301,0.0000000000,0.0000000000,0.0833156503,0.0624202845,0.0999559734,0.0522977739,0.1079841158
0.0009541011,0.9966265989,0.0000000000,0.0006474697,0.0000000000,0.0017718304,0.0000000000,0.0000000000,0.0000000000,0.0000000000,0.0000000000,0.0000000000,0.0000000000,0.0000000000,0.0000000000,0.0000000000,0.0000000000,0.0000000000
0.0000000000,0.0000000000,0.0000000000,0.0000000000,1.0000000000,0.0000000000,0.0000000000,0.0000000000,0.0000000000,0.0000000000,0.0000000000,0.0000000000,0.0000000000,0.0000000000,0.0000000000,0.0000000000,0.0000000000,0.0000000000
0.0000000000,0.0000000000,0.0000000000,0.0000000000,0.0000000000,0.0000000000,0.3706806264,0.0000000000,0.0004047386,0.0000377536,0.0001055545,0.0000000000,0.0000000000,0.0005020266,0.0004952576,0.4901832816,0.0003660255,0.1372247356
0.0000000000,0.0000000000,0.0000000000,0.0000000000,0.0000000000,0.0000000000,0.0000000000,0.2584320045,0.0003794065,0.0000685203,0.0003811941,0.0000000000,0.0000000000,0.0004770826,0.0004440298,0.3336984409,0.0000045788,0.4061147424
0.0000138074,0.5754525089,0.0000000000,0.0013270162,0.0008708232,0.4223358444,0.0000000000,0.0000000000,0.0000000000,0.0000000000,0.0000000000,0.0000000000,0.0000000000,0.0000000000,0.0000000000,0.0000000000,0.0000000000,0.0000000000
0.0132987900,0.0415825160,0.0000000000,0.1744530640,0.0122519907,0.1078237857,0.0668366403,0.0000000000,0.0000000000,0.1481074944,0.0550150671,0.0000000000,0.0000000000,0.1248833463,0.0841713933,0.1121887750,0.0231972968,0.0361898403
0.1235152811,0.1020845615,0.0000000000,0.0800787342,0.0748795856,0.1353759339,0.0887065024,0.0000000000,0.0192517175,0.0000000000,0.0888133376,0.0000000000,0.0000000000,0.0450408279,0.0250901535,0.0156431442,0.0674963524,0.1340238682
0.0310179751,0.0868584851,0.0000000000,0.0565055738,0.1297142186,0.0242367858,0.0942760039,0.0000000000,0.1349235263,0.1564523260,0.0000000000,0.0000000000,0.0000000000,0.1351746018,0.0433811208,0.0403056292,0.0024249062,0.0647288474
0.0507136384,0.0066869859,0.0000000000,0.0042523448,0.0388645714,0.0868006024,0.1344852610,0.0000000000,0.0948785418,0.1205515016,0.0278049528,0.0000000000,0.0000000000,0.0525185746,0.0155148148,0.1336963445,0.1305350445,0.1026968215
0.0141407356,0.0900326837,0.0000000000,0.0054432623,0.1183421024,0.0958030052,0.0683486654,0.0000000000,0.0897896771,0.0337670094,0.2102759909,0.0000000000,0.0000000000,0.0061770092,0.1354452317,0.0311159357,0.0033586977,0.0979599937
0.0674685670,0.0198263442,0.0000000000,0.1283147447,0.0313822783,0.1035825388,0.0136375425,0.0000000000,0.0438801109,0.0731281859,0.1469107899,0.0000000000,0.0000000000,0.0000000000,0.0794204620,0.0341274217,0.1248618227,0.1334591914
0.1289840526,0.0978971428,0.0000000000,0.1233847374,0.0401860277,0.1299413067,0.0459924289,0.0000000000,0.0712728089,0.0286811168,0.0640510521,0.0000000000,0.0000000000,0.0345960786,0.0000000000,0.1209245591,0.0354939824,0.0785947059
0.0000000000,0.0000000000,0.0000000000,0.0000000000,0.0000000000,0.0000000000,0.0000000000,0.0000000000,0.0000000000,0.0000000000,0.0000000000,0.0000000000,0.0000000000,0.0000000000,0.0000000000,0.0000000000,0.6513027017,0.3486972983
0.0003606353,0.4645364492,0.0000000000,0.0000556429,0.0000681590,0.2149045596,0.3191766479,0.0000000000,0.0000466980,0.0001266269,0.0003755942,0.0000000000,0.0000000000,0.0001527123,0.0001962747,0.0000000000,0.0000000000,0.0000000000
0.1311150070,0.0490243863,0.0000000000,0.1011809926,0.1236678327,0.0289827823,0.1443650190,0.0000000000,0.1024031705,0.0317483269,0.0290913930,0.0000000000,0.0000000000,0.1121947477,0.0484771159,0.0226013410,0.0000000000,0.0751478851
0.0001421686,0.5599708672,0.0000000000,0.0001042821,0.0001885137,0.4390051743,0.0001066327,0.0000000000,0.0000105477,0.0001732743,0.0000081589,0.0000000000,0.0000000000,0.0000315318,0.0001118893,0.0001157610,0.0000311984,0.0000000000
