0.0000000000,0.0000000000,0.0000000000,0.0003405035,0.0000000000,0.0000000000,0.6614111022,0.0000000000,0.0001101977,0.0003348311,0.0001789531,0.0000000000,0.0000000000,0.0002040286,0.0002224120,0.1543147880,0.0001904925,0.1826926913
0.0000000000,0.0000000000,1.0000000000,0.0000000000,0.0000000000,0.0000000000,0.0000000000,0.0000000000,0.0000000000,0.0000000000,0.0000000000,0.0000000000,0.0000000000,0.0000000000,0.0000000000,0.0000000000,0.0000000000,0.0000000000
1.0000000000,0.0000000000,0.0000000000,0.0000000000,0.0000000000,0.0000000000,0.0000000000,0.0000000000,0.0000000000,0.0000000000,0.0000000000,0.0000000000,0.0000000000,0.0000000000,0.0000000000,0.0000000000,0.0000000000,0.0000000000
0.0000000000,0.0000000000,0.0000000000,0.0000410037,0.0000000000,0.0000000000,0.0916342078,0.0000000000,0.0001359202,0.0000047148,0.0001483991,0.0000000000,0.0000000000,0.0000329437,0.0268509123,0.8408671319,0.0000993622,0.0401854043
0.0000000000,0.0000000000,1.0000000000,0.0000000000,0.0000000000,0.0000000000,0.0000000000,0.0000000000,0.0000000000,0.0000000000,0.0000000000,0.0000000000,0.0000000000,0.0000000000,0.0000000000,0.0000000000,0.0000000000,0.0000000000
0.0000000000,1.0000000000,0.0000000000,0.0000000000,0.0000000000,0.0000000000,0.0000000000,0.0000000000,0.0000000000,0.0000000000,0.0000000000,0.0000000000,0.0000000000,0.0000000000,0.0000000000,0.0000000000,0.0000000000,0.0000000000
0.3967280783,0.0000000000,0.0000000000,0.0000338155,0.0000000000,0.0000000000,0.1345770407,0.0000000000,0.0001958326,0.0005986073,0.0003188665,0.0000000000,0.0000000000,0.0000813188,0.0004102969,0.1041983717,0.0001972268,0.3626605449
0.0480358100,0.0875642697,0.0000000000,0.0000000000,0.0000000000,0.0000000000,0.0282779953,0.0000000000,0.1032848347,0.1596170924,0.1230477760,0.0000000000,0.0000000000,0.1308425761,0.0050610147,0.1378127728,0.1278111207,0.0486447374
0.4190374568,0.3421459048,0.0000000000,0.0016909817,0.0000000000,0.2371256568,0.0000000000,0.0000000000,0.0000000000,0.0000000000,0.0000000000,0.0000000000,0.0000000000,0.0000000000,0.0000000000,0.0000000000,0.0000000000,0.0000000000
0.0000000000,0.0000000000,0.0000000000,0.0000000000,1.0000000000,0.0000000000,0.0000000000,0.0000000000,0.0000000000,0.0000000000,0.0000000000,0.0000000000,0.0000000000,0.0000000000,0.0000000000,0.0000000000,0.0000000000,0.0000000000
0.0000000000,0.0000000000,0.0000000000,0.0000000000,0.0000000000,0.0000000000,0.0823698410,0.0000000000,0.0002801057,0.0003320647,0.0001195035,0.0000000000,0.0000000000,0.0003779737,0.0001555030,0.0823690250,0.0000032432,0.8339927401
0.0000000000,0.0000000000,0.0000000000,0.0000000000,0.0000000000,0.0000000000,0.0000000000,0.3288276424,0.0000846672,0.0001287540,0.0006215468,0.0000000000,0.0000000000,0.0000202397,0.0000666948,0.0004184882,0.0002672968,0.6695646701
0.0009092851,0.5976745197,0.0000000000,0.0001146721,0.0008609497,0.4004405733,0.0000000000,0.0000000000,0.0000000000,0.0000000000,0.0000000000,0.0000000000,0.0000000000,0.0000000000,0.0000000000,0.0000000000,0.0000000000,0.0000000000
0.0688370346,0.0785041907,0.0000000000,0.0768891316,0.0172375885,0.0382981597,0.1191027036,0.0000000000,0.0000000000,0.0581992593,0.0620790103,0.0000000000,0.0000000000,0.0951234186,0.1219955381,0.1137910056,0.0436493742,0.1062935853
0.0376760708,0.0906802077,0.0000000000,0.0124064945,0.0295181824,0.0957024059,0.0734771713,0.0000000000,0.0689129987,0.0000000000,0.1021415892,0.0000000000,0.0000000000,0.1235676746,0.1286006717,0.1284626872,0.0745110568,0.0343427892
0.0450990823,0.0710279669,0.0000000000,0.0564620314,0.0798674116,0.1228888963,0.0672082887,0.0000000000,0.1255745777,0.0193831161,0.0000000000,0.0000000000,0.0000000000,0.1155027064,0.0609547076,0.0657204239,0.0883856507,0.0819251403
0.0867258657,0.1163620714,0.0000000000,0.0030106016,0.0741441206,0.0095375954,0.1335694862,0.0000000000,0.0585805157,0.1338286495,0.1115396564,0.0000000000,0.0000000000,0.0868203758,0.0371122303,0.0519458191,0.0533558571,0.0434671552
0.0926457781,0.0101383896,0.0000000000,0.1584223266,0.0505349538,0.0155639591,0.0557563001,0.0000000000,0.1205502487,0.0733051069,0.0196460233,0.0000000000,0.0000000000,0.0489791379,0.0496391892,0.1384319773,0.1010261947,0.0653604147
0.0824471651,0.0528179128,0.0000000000,0.1728485269,0.0120156237,0.1247288728,0.0451950763,0.0000000000,0.0708913203,0.0233126221,0.1928370640,0.0000000000,0.0000000000,0.0000000000,0.0462735756,0.0210399697,0.1154649467,0.0401273239
0.0402072487,0.0682205377,0.0000000000,0.0919440023,0.1106803509,0.0039428450,0.0724457644,0.0000000000,0.0374526379,0.0164833410,0.1620261178,0.0000000000,0.0000000000,0.1246259981,0.0000000000,0.0892539109,0.0678085131,0.1149087322
0.0000000000,0.0000000000,0.0000000000,0.0000000000,0.0000000000,0.0000000000,0.0000000000,0.0000000000,0.0000000000,0.0000000000,0.0000000000,0.0000000000,0.0000000000,0.0000000000,0.0000000000,0.0000000000,0.5453074325,0.4546925675
0.0000542475,0.8691979910,0.0000000000,0.0001613626,0.0000847096,0.0932852811,0.0366974217,0.0000000000,0.0001339161,0.0000932360,0.0001275991,0.0000000000,0.0000000000,0.0000141515,0.0001500838,0.0000000000,0.0000000000,0.0000000000
0.0396900330,0.1202957923,0.0000000000,0.0806821688,0.1041859303,0.0340548553,0.0683295989,0.0000000000,0.0543639011,0.1239737186,0.1056964078,0.0000000000,0.0000000000,0.0442695905,0.0768653302,0.0341667273,0.0000000000,0.1134259459
0.0532242169,0.5060132127,0.0000000000,0.0000121029,0.0000464953,0.2643980790,0.1183887309,0.0000000000,0.0000275805,0.0000162047,0.0000577536,0.0000000000,0.0000000000,0.0001719592,0.0000132793,0.0574530062,0.0001773786,0.0000000000
