0.0000000000,0.0000000000,0.0000000000,0.0000552026,0.0000000000,0.0000000000,0.5274391101,0.0000000000,0.0000719035,0.0000975557,0.0001250764,0.0000000000,0.0000000000,0.0002304661,0.0000558168,0.0753160996,0.0001671658,0.3964416034
0.0000000000,0.0000000000,1.0000000000,0.0000000000,0.0000000000,0.0000000000,0.0000000000,0.0000000000,0.0000000000,0.0000000000,0.0000000000,0.0000000000,0.0000000000,0.0000000000,0.0000000000,0.0000000000,0.0000000000,0.0000000000
1.0000000000,0.0000000000,0.0000000000,0.0000000000,0.0000000000,0.0000000000,0.0000000000,0.0000000000,0.0000000000,0.0000000000,0.0000000000,0.0000000000,0.0000000000,0.0000000000,0.0000000000,0.0000000000,0.0000000000,0.0000000000
0.0000000000,0.0000000000,0.0000000000,0.0000690807,0.0000000000,0.0000000000,0.2130337408,0.0000000000,0.0000633228,0.0001226315,0.0001291911,0.0000000000,0.0000000000,0.0000430357,0.0000187460,0.6182305708,0.0000915933,0.1681980873
0.0000000000,0.0000000000,1.0000000000,0.0000000000,0.0000000000,0.0000000000,0.0000000000,0.0000000000,0.0000000000,0.0000000000,0.0000000000,0.0000000000,0.0000000000,0.0000000000,0.0000000000,0.0000000000,0.0000000000,0.0000000000
0.0000000000,1.0000000000,0.0000000000,0.0000000000,0.0000000000,0.0000000000,0.0000000000,0.0000000000,0.0000000000,0.0000000000,0.0000000000,0.0000000000,0.0000000000,0.0000000000,0.0000000000,0.0000000000,0.0000000000,0.0000000000
0.3503484920,0.0000000000,0.0000000000,0.0002338469,0.0000000000,0.0000000000,0.6468681108,0.0000000000,0.0000076021,0.0001780576,0.0004577824,0.0000000000,0.0000000000,0.0005013226,0.0002919933,0.0000719284,0.0004829244,0.0005579395
0.0620094776,0.1626382374,0.0000000000,0.0000000000,0.0000000000,0.0000000000,0.0404347098,0.0000000000,0.1557810572,0.1703859508,0.0462945343,0.0000000000,0.0000000000,0.0456807600,0.0468711868,0.1030474619,0.0629678797,0.1038887445
0.0010718841,0.3254992765,0.0000000000,0.0017633506,0.0000000000,0.6716654888,0.0000000000,0.0000000000,0.0000000000,0.0000000000,0.0000000000,0.0000000000,0.0000000000,0.0000000000,0.0000000000,0.0000000000,0.0000000000,0.0000000000
0.0000000000,0.0000000000,0.0000000000,0.0000000000,1.0000000000,0.0000000000,0.0000000000,0.0000000000,0.0000000000,0.0000000000,0.0000000000,0.0000000000,0.0000000000,0.0000000000,0.0000000000,0.0000000000,0.0000000000,0.0000000000
0.0000000000,0.0000000000,0.0000000000,0.0000000000,0.0000000000,0.0000000000,0.1160519165,0.0000000000,0.0002617642,0.0001135841,0.0002487187,0.0000000000,0.0000000000,0.0001835822,0.0003302245,0.2988423393,0.0003580695,0.5836098010
0.0000000000,0.0000000000,0.0000000000,0.0000000000,0.0000000000,0.0000000000,0.0000000000,0.3649081117,0.0002307290,0.0001734747,0.0002826464,0.0000000000,0.0000000000,0.0001881850,0.0002761562,0.4311342446,0.0001323596,0.2026740928
0.0005938848,0.6109081730,0.0000000000,0.0005900054,0.0003945743,0.3875133625,0.0000000000,0.0000000000,0.0000000000,0.0000000000,0.0000000000,0.0000000000,0.0000000000,0.0000000000,0.0000000000,0.0000000000,0.0000000000,0.0000000000
0.0252004543,0.1334055943,0.0000000000,0.0007880475,0.0380922921,0.0829548124,0.1347676206,0.0000000000,0.0000000000,0.0774595737,0.0326964259,0.0000000000,0.0000000000,0.1102739952,0.0601601699,0.1455589960,0.0552718247,0.1033701934
0.0442692826,0.0799348130,0.0000000000,0.1175588874,0.0451994962,0.1314129057,0.0283353995,0.0000000000,0.0046392727,0.0000000000,0.1329375288,0.0000000000,0.0000000000,0.0025317671,0.1257611277,0.0740050746,0.0782083643,0.1352060803
0.0136697163,0.0925076299,0.0000000000,0.0030723512,0.0765439701,0.1284939519,0.1126769754,0.0000000000,0.1116992035,0.0567967918,0.0000000000,0.0000000000,0.0000000000,0.0351914938,0.0387944573,0.0761335365,0.1260570651,0.1283628572
0.1591080964,0.0156149301,0.0000000000,0.1318597413,0.0099708971,0.1549604742,0.0025475174,0.0000000000,0.1062512188,0.0783394021,0.0200873001,0.0000000000,0.0000000000,0.0649071880,0.0777544812,0.1203391051,0.0104185733,0.0478410748
0.0822878846,0.1030160486,0.0000000000,0.0106423061,0.0820212142,0.0999261629,0.1042669414,0.0000000000,0.1050490376,0.0423947573,0.0094281715,0.0000000000,0.0000000000,0.0803974340,0.0729396152,0.0501535663,0.0711901926,0.0862866677
0.1085977482,0.0795628604,0.0000000000,0.0900509850,0.1081417555,0.0763841975,0.0659633578,0.0000000000,0.0472985798,0.0780228998,0.1289861658,0.0000000000,0.0000000000,0.0000000000,0.0646997777,0.0031328879,0.0709191928,0.0782395919
0.0961643182,0.1282756663,0.0000000000,0.0427469900,0.1112275900,0.0894021580,0.0978628939,0.0000000000,0.0715188138,0.0497837820,0.0889536242,0.0000000000,0.0000000000,0.0572004006,0.0000000000,0.0467529474,0.0929823054,0.0271285101
0.0000000000,0.0000000000,0.0000000000,0.0000000000,0.0000000000,0.0000000000,0.0000000000,0.0000000000,0.0000000000,0.0000000000,0.0000000000,0.0000000000,0.0000000000,0.0000000000,0.0000000000,0.0000000000,0.0002599270,0.9997400730
0.0001700198,0.4744546645,0.0000000000,0.0001207896,0.0000067349,0.1933963414,0.3313159999,0.0000000000,0.0000447151,0.0000974277,0.0000433936,0.0000000000,0.0000000000,0.0001494383,0.0002004751,0.0000000000,0.0000000000,0.0000000000
0.0520541432,0.0863136016,0.0000000000,0.1539224080,0.1456423467,0.0569466096,0.0183490568,0.0000000000,0.0044154218,0.1172264518,0.1018826371,0.0000000000,0.0000000000,0.1171117109,0.0263837553,0.1165619957,0.0000000000,0.0031898616
0.0823241007,0.7017092889,0.0000000000,0.0001234440,0.0000582298,0.2151611035,0.0000655899,0.0000000000,0.0001458327,0.0000372190,0.0001093481,0.0000000000,0.0000000000,0.0000477153,0.0000655675,0.0000592741,0.0000932865,0.0000000000
