0.0000000000,0.0000000000,0.0000000000,0.0002868653,0.0000000000,0.0000000000,0.2224521856,0.0000000000,0.0004180220,0.0002898383,0.0004513318,0.0000000000,0.0000000000,0.0006402585,0.0004166483,0.4509139948,0.0001486717,0.3239821836
0.0000000000,0.0000000000,1.0000000000,0.0000000000,0.0000000000,0.0000000000,0.0000000000,0.0000000000,0.0000000000,0.0000000000,0.0000000000,0.0000000000,0.0000000000,0.0000000000,0.0000000000,0.0000000000,0.0000000000,0.0000000000
1.0000000000,0.0000000000,0.0000000000,0.0000000000,0.0000000000,0.0000000000,0.0000000000,0.0000000000,0.0000000000,0.0000000000,0.0000000000,0.0000000000,0.0000000000,0.0000000000,0.0000000000,0.0000000000,0.0000000000,0.0000000000
0.0000000000,0.0000000000,0.0000000000,0.0000225372,0.0000000000,0.0000000000,0.1262113054,0.0000000000,0.0000103662,0.0000277333,0.0001152061,0.0000000000,0.0000000000,0.0000637722,0.0000171404,0.4697430442,0.0000935865,0.4036953085
0.0000000000,0.0000000000,1.0000000000,0.0000000000,0.0000000000,0.0000000000,0.0000000000,0.0000000000,0.0000000000,0.0000000000,0.0000000000,0.0000000000,0.0000000000,0.0000000000,0.0000000000,0.0000000000,0.0000000000,0.0000000000
0.0000000000,1.0000000000,0.0000000000,0.0000000000,0.0000000000,0.0000000000,0.0000000000,0.0000000000,0.0000000000,0.0000000000,0.0000000000,0.0000000000,0.0000000000,0.0000000000,0.0000000000,0.0000000000,0.0000000000,0.0000000000
0.3738501534,0.0000000000,0.0000000000,0.0004048058,0.0000000000,0.0000000000,0.0004977370,0.0000000000,0.0002455050,0.0005301402,0.0003443518,0.0000000000,0.0000000000,0.0001504612,0.0005823793,0.4171270067,0.0003171722,0.2059502872
0.0631980643,0.0263065842,0.0000000000,0.0000000000,0.0000000000,0.0000000000,0.0591357567,0.0000000000,0.0147881415,0.1080195748,0.1623004943,0.0000000000,0.0000000000,0.2004770049,0.0636277462,0.1124401983,0.1733097557,0.0163966790
0.0031480650,0.0008835210,0.0000000000,0.0038097076,0.0000000000,0.9921587064,0.0000000000,0.0000000000,0.0000000000,0.0000000000,0.0000000000,0.0000000000,0.0000000000,0.0000000000,0.0000000000,0.0000000000,0.0000000000,0.0000000000
0.0000000000,0.0000000000,0.0000000000,0.0000000000,1.0000000000,0.0000000000,0.0000000000,0.0000000000,0.0000000000,0.0000000000,0.0000000000,0.0000000000,0.0000000000,0.0000000000,0.0000000000,0.0000000000,0.0000000000,0.0000000000
0.0000000000,0.0000000000,0.0000000000,0.0000000000,0.0000000000,0.0000000000,0.5881014896,0.0000000000,0.0000946866,0.0007005741,0.0002864122,0.0000000000,0.0000000000,0.0001429014,0.0001276783,0.4100159180,0.0000594971,0.0004708427
0.0000000000,0.0000000000,0.0000000000,0.0000000000,0.0000000000,0.0000000000,0.0000000000,0.3070201901,0.0000217411,0.0002316144,0.0000223931,0.0000000000,0.0000000000,0.0006029107,0.0001186165,0.5155233658,0.0004809075,0.1759782608
0.1037146017,0.3731626667,0.0000000000,0.0004518382,0.0005858927,0.5220850007,0.0000000000,0.0000000000,0.0000000000,0.0000000000,0.0000000000,0.0000000000,0.0000000000,0.0000000000,0.0000000000,0.0000000000,0.0000000000,0.0000000000
0.1080957898,0.1094847216,0.0000000000,0.0426669300,0.0255905335,0.0831196250,0.0214506382,0.0000000000,0.0000000000,0.1187831592,0.0424227052,0.0000000000,0.0000000000,0.0088126207,0.1245948880,0.1281157112,0.1128140775,0.0740486000
0.1302241456,0.1212560328,0.0000000000,0.0426809468,0.0251480900,0.0584031660,0.0340197988,0.0000000000,0.0569631367,0.0000000000,0.1246573234,0.0000000000,0.0000000000,0.0002547522,0.1540897178,0.0524558646,0.0530105927,0.1468364326
0.1055776533,0.0143003707,0.0000000000,0.1747764942,0.1742292810,0.1007246514,0.0605806600,0.0000000000,0.0642500642,0.0331948095,0.0000000000,0.0000000000,0.0000000000,0.0218132035,0.1596095628,0.0566620555,0.0020966622,0.0321845317
0.0605528678,0.0387460683,0.0000000000,0.0527608844,0.0549617240,0.1373777239,0.1568860252,0.0000000000,0.0306020794,0.0643369481,0.0341451343,0.0000000000,0.0000000000,0.0190960177,0.0668535944,0.0646506115,0.1067682505,0.1122620704
0.0627557828,0.1394926480,0.0000000000,0.1480387627,0.0687830366,0.0783859234,0.0451460375,0.0000000000,0.1058168724,0.0022433329,0.0365524892,0.0000000000,0.0000000000,0.1212413448,0.0158332359,0.0820899263,0.0784390696,0.0151815378
0.0166635911,0.1357418305,0.0000000000,0.0575549999,0.0472185317,0.0460607170,0.1398499849,0.0000000000,0.0150391071,0.0665519017,0.1166532704,0.0000000000,0.0000000000,0.0000000000,0.1390271110,0.0799067567,0.1238041307,0.0159280673
0.1026844512,0.0083060410,0.0000000000,0.0996996428,0.1059089294,0.0952811277,0.0286833109,0.0000000000,0.1266303374,0.0573063839,0.0877749264,0.0000000000,0.0000000000,0.1031315252,0.0000000000,0.0161784732,0.0562836773,0.1121311735
0.0000000000,0.0000000000,0.0000000000,0.0000000000,0.0000000000,0.0000000000,0.0000000000,0.0000000000,0.0000000000,0.0000000000,0.0000000000,0.0000000000,0.0000000000,0.0000000000,0.0000000000,0.0000000000,0.4663017584,0.5336982416
0.0002701430,0.3687494759,0.0000000000,0.0000992635,0.0000853698,0.1617087209,0.4684694242,0.0000000000,0.0001562723,0.0001890272,0.0001780660,0.0000000000,0.0000000000,0.0000933297,0.0000009074,0.0000000000,0.0000000000,0.0000000000
0.0205061828,0.0379455676,0.0000000000,0.1603968134,0.1193944740,0.0967609703,0.0254622551,0.0000000000,0.0243500867,0.1195891021,0.1562994157,0.0000000000,0.0000000000,0.1258901599,0.0112270067,0.0784346943,0.0000000000,0.0237432712
0.0000780384,0.8786703819,0.0000000000,0.0000155811,0.0001474287,0.0642268993,0.0001343816,0.0000000000,0.0000024041,0.0000856179,0.0001414263,0.0000000000,0.0000000000,0.0000694344,0.0000980716,0.0562385789,0.0000917558,0.0000000000
