0.0000000000,0.0000000000,0.0000000000,0.0004668363,0.0000000000,0.0000000000,0.2283663019,0.0000000000,0.0005503892,0.0000903647,0.0001496429,0.0000000000,0.0000000000,0.0002564137,0.0002974827,0.7692655551,0.0000578574,0.0004991561
0.0000000000,0.0000000000,1.0000000000,0.0000000000,0.0000000000,0.0000000000,0.0000000000,0.0000000000,0.0000000000,0.0000000000,0.0000000000,0.0000000000,0.0000000000,0.0000000000,0.0000000000,0.0000000000,0.0000000000,0.0000000000
1.0000000000,0.0000000000,0.0000000000,0.0000000000,0.0000000000,0.0000000000,0.0000000000,0.0000000000,0.0000000000,0.0000000000,0.0000000000,0.0000000000,0.0000000000,0.0000000000,0.0000000000,0.0000000000,0.0000000000,0.0000000000
0.0000000000,0.0000000000,0.0000000000,0.0000352265,0.0000000000,0.0000000000,0.2702459566,0.0000000000,0.0000498743,0.0000431273,0.0000681602,0.0000000000,0.0000000000,0.0000761773,0.0230241922,0.4491277148,0.0001300858,0.2571994849
0.0000000000,0.0000000000,1.0000000000,0.0000000000,0.0000000000,0.0000000000,0.0000000000,0.0000000000,0.0000000000,0.0000000000,0.0000000000,0.0000000000,0.0000000000,0.0000000000,0.0000000000,0.0000000000,0.0000000000,0.0000000000
0.0000000000,1.0000000000,0.0000000000,0.0000000000,0.0000000000,0.0000000000,0.0000000000,0.0000000000,0.0000000000,0.0000000000,0.0000000000,0.0000000000,0.0000000000,0.0000000000,0.0000000000,0.0000000000,0.0000000000,0.0000000000
0.7700788493,0.0000000000,0.0000000000,0.0000365017,0.0000000000,0.0000000000,0.1155598558,0.0000000000,0.0001579522,0.0001424317,0.0004911131,0.0000000000,0.0000000000,0.0004964483,0.0004124570,0.0003249734,0.0001820906,0.1121173269
0.1110327541,0.1281472421,0.0000000000,0.0000000000,0.0000000000,0.0000000000,0.0479639620,0.0000000000,0.0821984751,0.1034920539,0.1186594068,0.0000000000,0.0000000000,0.0018192629,0.1134847858,0.0643073509,0.1512227364,0.0776719699
0.0010137893,0.1833373334,0.0000000000,0.0005844938,0.0000000000,0.8150643835,0.0000000000,0.0000000000,0.0000000000,0.0000000000,0.0000000000,0.0000000000,0.0000000000,0.0000000000,0.0000000000,0.0000000000,0.0000000000,0.0000000000
0.0000000000,0.0000000000,0.0000000000,0.0000000000,1.0000000000,0.0000000000,0.0000000000,0.0000000000,0.0000000000,0.0000000000,0.0000000000,0.0000000000,0.0000000000,0.0000000000,0.0000000000,0.0000000000,0.0000000000,0.0000000000
0.0000000000,0.0000000000,0.0000000000,0.0000000000,0.0000000000,0.0000000000,0.6706801486,0.0000000000,0.0006828346,0.0003965729,0.0003836238,0.0000000000,0.0000000000,0.0004913563,0.0007854382,0.1454626934,0.0003341599,0.1807831723
0.0000000000,0.0000000000,0.0000000000,0.0000000000,0.0000000000,0.0000000000,0.0000000000,0.3613807517,0.0003693293,0.0003498830,0.0004501441,0.0000000000,0.0000000000,0.0004190930,0.0004527156,0.3416732555,0.0001581322,0.2947466956
0.0002788919,0.5543095946,0.0000000000,0.0004458617,0.0007764731,0.4441891787,0.0000000000,0.0000000000,0.0000000000,0.0000000000,0.0000000000,0.0000000000,0.0000000000,0.0000000000,0.0000000000,0.0000000000,0.0000000000,0.0000000000
0.1100715449,0.0649618802,0.0000000000,0.1102652542,0.0787307310,0.0612501207,0.0992749027,0.0000000000,0.0000000000,0.0395444173,0.0835816118,0.0000000000,0.0000000000,0.0142125964,0.0531206492,0.1020218032,0.1055447231,0.0774197653
0.1424745355,0.1249469336,0.0000000000,0.0592072913,0.0376684222,0.0146425902,0.0462638072,0.0000000000,0.0045731900,0.0000000000,0.1235880753,0.0000000000,0.0000000000,0.1011910741,0.1270588968,0.0566990042,0.1147683630,0.0469178167
0.0108219168,0.0974862432,0.0000000000,0.0803872913,0.1194714367,0.0691408826,0.0555984009,0.0000000000,0.0509354037,0.0320693437,0.0000000000,0.0000000000,0.0000000000,0.1003207371,0.1164131644,0.0943450411,0.0787983629,0.0942117756
0.0621166646,0.1319643346,0.0000000000,0.0594692643,0.0621280567,0.0440776425,0.0481548262,0.0000000000,0.0930543744,0.0767211185,0.0672027512,0.0000000000,0.0000000000,0.0765179640,0.1323369643,0.0590170281,0.0671141804,0.0201248302
0.0333390942,0.0405105395,0.0000000000,0.1196041844,0.0808583524,0.0731396202,0.0305838904,0.0000000000,0.0314206483,0.1109640670,0.0466155168,0.0000000000,0.0000000000,0.0944355746,0.1042710410,0.1246458390,0.0151241121,0.0944875200
0.0436742806,0.0354077979,0.0000000000,0.0164611491,0.1663173242,0.0785759568,0.0156363790,0.0000000000,0.0794580560,0.1120878191,0.1253966319,0.0000000000,0.0000000000,0.0000000000,0.0582810675,0.0186497352,0.0911278862,0.1589259166
0.0341616104,0.1046830354,0.0000000000,0.0118065989,0.1404682937,0.1368350799,0.0047186543,0.0000000000,0.1527949927,0.0168679443,0.0828093035,0.0000000000,0.0000000000,0.0944241005,0.0000000000,0.0275656094,0.0359004218,0.1569643552
0.0000000000,0.0000000000,0.0000000000,0.0000000000,0.0000000000,0.0000000000,0.0000000000,0.0000000000,0.0000000000,0.0000000000,0.0000000000,0.0000000000,0.0000000000,0.0000000000,0.0000000000,0.0000000000,0.4253248184,0.5746751816
0.0001208855,0.9194343812,0.0000000000,0.0001563172,0.0000920551,0.0795152378,0.0000899239,0.0000000000,0.0001782245,0.0000156978,0.0001017096,0.0000000000,0.0000000000,0.0002159430,0.0000796244,0.0000000000,0.0000000000,0.0000000000
0.1807520732,0.1348757648,0.0000000000,0.1246458852,0.1385436852,0.0572764338,0.0120903666,0.0000000000,0.0249688913,0.0034760382,0.0200314953,0.0000000000,0.0000000000,0.1449293986,0.1147394322,0.0228888911,0.0000000000,0.0207816443
0.0000363745,0.4340562398,0.0000000000,0.0000746850,0.0001771081,0.2752956014,0.2897505563,0.0000000000,0.0000383617,0.0000172517,0.0000341609,0.0000000000,0.0000000000,0.0001943090,0.0001664170,0.0000660339,0.0000929006,0.0000000000
