0.0000000000,0.0000000000,0.0000000000,0.0010888912,0.0000000000,0.0000000000,0.3998433581,0.0000000000,0.0002773959,0.0008014995,0.0010201700,0.0000000000,0.0000000000,0.0003938795,0.0012354282,0.1957234599,0.0002815799,0.3993343377
0.0000000000,0.0000000000,1.0000000000,0.0000000000,0.0000000000,0.0000000000,0.0000000000,0.0000000000,0.0000000000,0.0000000000,0.0000000000,0.0000000000,0.0000000000,0.0000000000,0.0000000000,0.0000000000,0.0000000000,0.0000000000
1.0000000000,0.0000000000,0.0000000000,0.0000000000,0.0000000000,0.0000000000,0.0000000000,0.0000000000,0.0000000000,0.0000000000,0.0000000000,0.0000000000,0.0000000000,0.0000000000,0.0000000000,0.0000000000,0.0000000000,0.0000000000
0.0000000000,0.0000000000,0.0000000000,0.0000045739,0.0000000000,0.0000000000,0.3897808922,0.0000000000,0.0001194528,0.0000096750,0.0001339032,0.0000000000,0.0000000000,0.0000441711,0.0001244607,0.4350731527,0.0001475754,0.1745621431
0.0000000000,0.0000000000,1.0000000000,0.0000000000,0.0000000000,0.0000000000,0.0000000000,0.0000000000,0.0000000000,0.0000000000,0.0000000000,0.0000000000,0.0000000000,0.0000000000,0.0000000000,0.0000000000,0.0000000000,0.0000000000
0.0000000000,1.0000000000,0.0000000000,0.0000000000,0.0000000000,0.0000000000,0.0000000000,0.0000000000,0.0000000000,0.0000000000,0.0000000000,0.0000000000,0.0000000000,0.0000000000,0.0000000000,0.0000000000,0.0000000000,0.0000000000
0.0007291169,0.0000000000,0.0000000000,0.0002036687,0.0000000000,0.0000000000,0.2527895922,0.0000000000,0.0004347466,0.0003275286,0.0002509908,0.0000000000,0.0000000000,0.0007206542,0.0001675001,0.2832787935,0.0002825009,0.4608149074
0.1007638296,0.0435079695,0.0000000000,0.0000000000,0.0000000000,0.0000000000,0.0987902927,0.0000000000,0.1318378900,0.0963462218,0.0614002898,0.0000000000,0.0000000000,0.0436857967,0.0834212887,0.0610217317,0.1933626602,0.0858620292
0.0065971298,0.9870639773,0.0000000000,0.0061481588,0.0000000000,0.0001907341,0.0000000000,0.0000000000,0.0000000000,0.0000000000,0.0000000000,0.0000000000,0.0000000000,0.0000000000,0.0000000000,0.0000000000,0.0000000000,0.0000000000
0.0000000000,0.0000000000,0.0000000000,0.0000000000,1.0000000000,0.0000000000,0.0000000000,0.0000000000,0.0000000000,0.0000000000,0.0000000000,0.0000000000,0.0000000000,0.0000000000,0.0000000000,0.0000000000,0.0000000000,0.0000000000
0.0000000000,0.0000000000,0.0000000000,0.0000000000,0.0000000000,0.0000000000,0.8956433073,0.0000000000,0.0005922252,0.0004070850,0.0006981358,0.0000000000,0.0000000000,0.0004801795,0.0005964604,0.1007887594,0.0005948557,0.0001989917
0.0000000000,0.0000000000,0.0000000000,0.0000000000,0.0000000000,0.0000000000,0.0000000000,0.2622988975,0.0006567286,0.0007195874,0.0001811331,0.0000000000,0.0000000000,0.0007757660,0.1118081973,0.4622959468,0.0005455344,0.1607182088
0.0004574845,0.6233870287,0.0000000000,0.0006019262,0.0776312785,0.2979222821,0.0000000000,0.0000000000,0.0000000000,0.0000000000,0.0000000000,0.0000000000,0.0000000000,0.0000000000,0.0000000000,0.0000000000,0.0000000000,0.0000000000
0.0024455563,0.0109602464,0.0000000000,0.1119509281,0.0697496535,0.1293200673,0.1591700027,0.0000000000,0.0000000000,0.0615607638,0.0581791554,0.0000000000,0.0000000000,0.1854178117,0.0974243093,0.0610382247,0.0363113781,0.0164719024
0.0065394138,0.0023713940,0.0000000000,0.0955480244,0.0556946203,0.1113866878,0.0366239507,0.0000000000,0.1454969003,0.0000000000,0.1496746582,0.0000000000,0.0000000000,0.1322546358,0.0031689683,0.1303080611,0.1219297915,0.0090028938
0.0924172911,0.0340312582,0.0000000000,0.0826957451,0.1335638226,0.1368849105,0.0962641564,0.0000000000,0.0365840666,0.0722530101,0.0000000000,0.0000000000,0.0000000000,0.0217708927,0.0315370453,0.1390482852,0.0235732006,0.0993763157
0.1404255667,0.0838421490,0.0000000000,0.0437514153,0.0816210093,0.0176583235,0.0165058551,0.0000000000,0.0523560727,0.0245724712,0.0603444487,0.0000000000,0.0000000000,0.0088512354,0.0808586613,0.1395105950,0.1273623855,0.1223398112
0.0862936780,0.0219616866,0.0000000000,0.0742125388,0.0557447879,0.0406321662,0.0488000184,0.0000000000,0.0420171791,0.1229659920,0.0350744064,0.0000000000,0.0000000000,0.0347311696,0.0714228373,0.1197071772,0.1214111772,0.1250251851
0.1054380204,0.1602340549,0.0000000000,0.1028091123,0.0085467703,0.0171241853,0.0091219261,0.0000000000,0.0440651497,0.1020220131,0.0694264907,0.0000000000,0.0000000000,0.0000000000,0.1564095138,0.0987298783,0.0727078139,0.0533650713
0.1186235463,0.0658363747,0.0000000000,0.0838800515,0.1400680409,0.1088738826,0.0876570201,0.0000000000,0.0065451904,0.0942678496,0.0568738311,0.0000000000,0.0000000000,0.0026118167,0.0000000000,0.0920568317,0.0107268686,0.1319786958
0.0000000000,0.0000000000,0.0000000000,0.0000000000,0.0000000000,0.0000000000,0.0000000000,0.0000000000,0.0000000000,0.0000000000,0.0000000000,0.0000000000,0.0000000000,0.0000000000,0.0000000000,0.0000000000,0.4453640510,0.5546359490
0.3015111938,0.4523219889,0.0000000000,0.0001462367,0.0002325302,0.1704765729,0.0747632979,0.0000000000,0.0001437601,0.0000504483,0.0000725396,0.0000000000,0.0000000000,0.0000544648,0.0002269667,0.0000000000,0.0000000000,0.0000000000
0.0821823332,0.0833870033,0.0000000000,0.0296690954,0.0817568459,0.0338595640,0.1415131974,0.0000000000,0.1333041552,0.0222711620,0.1199478402,0.0000000000,0.0000000000,0.0685606544,0.1193487227,0.0261194090,0.0000000000,0.0580800173
0.0366597579,0.7830562072,0.0000000000,0.0001481430,0.0001001131,0.1793677846,0.0000074649,0.0000000000,0.0001212267,0.0001016613,0.0001223264,0.0000000000,0.0000000000,0.0000202736,0.0001321892,0.0001169798,0.0000458723,0.0000000000
