0.0000000000,0.0000000000,0.0000000000,0.0003622329,0.0000000000,0.0000000000,0.1282475400,0.0000000000,0.0000354378,0.0004273791,0.0003472569,0.0000000000,0.0000000000,0.0002629727,0.0004248523,0.6175112532,0.0002474533,0.2521336218
0.0000000000,0.0000000000,1.0000000000,0.0000000000,0.0000000000,0.0000000000,0.0000000000,0.0000000000,0.0000000000,0.0000000000,0.0000000000,0.0000000000,0.0000000000,0.0000000000,0.0000000000,0.0000000000,0.0000000000,0.0000000000
1.0000000000,0.0000000000,0.0000000000,0.0000000000,0.0000000000,0.0000000000,0.0000000000,0.0000000000,0.0000000000,0.0000000000,0.0000000000,0.0000000000,0.0000000000,0.0000000000,0.0000000000,0.0000000000,0.0000000000,0.0000000000
0.0000000000,0.0000000000,0.0000000000,0.0000375534,0.0000000000,0.0000000000,0.2624650045,0.0000000000,0.0000910813,0.0000148133,0.0000538590,0.0000000000,0.0000000000,0.0000927592,0.0000312644,0.3897546789,0.0000986235,0.3473603625
0.0000000000,0.0000000000,1.0000000000,0.0000000000,0.0000000000,0.0000000000,0.0000000000,0.0000000000,0.0000000000,0.0000000000,0.0000000000,0.0000000000,0.0000000000,0.0000000000,0.0000000000,0.0000000000,0.0000000000,0.0000000000
0.0000000000,1.0000000000,0.0000000000,0.0000000000,0.0000000000,0.0000000000,0.0000000000,0.0000000000,0.0000000000,0.0000000000,0.0000000000,0.0000000000,0.0000000000,0.0000000000,0.0000000000,0.0000000000,0.0000000000,0.0000000000
0.3086409834,0.0000000000,0.0000000000,0.0004529131,0.0000000000,0.0000000000,0.3326052126,0.0000000000,0.0003776249,0.0001857090,0.0006007106,0.0000000000,0.0000000000,0.0002675182,0.0005843407,0.0002365426,0.0003267667,0.3557216782
0.0997496657,0.1015767853,0.0000000000,0.0000000000,0.0000000000,0.0000000000,0.1300894477,0.0000000000,0.0500770822,0.0217664554,0.1354893455,0.0000000000,0.0000000000,0.1443007191,0.0278740035,0.1293140466,0.0657324471,0.0940300019
0.0008718348,0.7387194089,0.0000000000,0.0001545447,0.0000000000,0.2602542116,0.0000000000,0.0000000000,0.0000000000,0.0000000000,0.0000000000,0.0000000000,0.0000000000,0.0000000000,0.0000000000,0.0000000000,0.0000000000,0.0000000000
0.0000000000,0.0000000000,0.0000000000,0.0000000000,1.0000000000,0.0000000000,0.0000000000,0.0000000000,0.0000000000,0.0000000000,0.0000000000,0.0000000000,0.0000000000,0.0000000000,0.0000000000,0.0000000000,0.0000000000,0.0000000000
0.0000000000,0.0000000000,0.0000000000,0.0000000000,0.0000000000,0.0000000000,0.4381267626,0.0000000000,0.0002452154,0.0002706317,0.0001215773,0.0000000000,0.0000000000,0.0008488056,0.1558679366,0.4027679105,0.0007174400,0.0010337203
0.0000000000,0.0000000000,0.0000000000,0.0000000000,0.0000000000,0.0000000000,0.0000000000,0.1363739558,0.0005191332,0.0005604432,0.0001381733,0.0000000000,0.0000000000,0.0003030799,0.0003691309,0.8607302354,0.0006575706,0.0003482778
0.0011456993,0.4039489595,0.0000000000,0.0001435629,0.0007182713,0.5940435070,0.0000000000,0.0000000000,0.0000000000,0.0000000000,0.0000000000,0.0000000000,0.0000000000,0.0000000000,0.0000000000,0.0000000000,0.0000000000,0.0000000000
0.1652206503,0.0543625064,0.0000000000,0.1584611549,0.0085069108,0.1406453954,0.0128417431,0.0000000000,0.0000000000,0.0696806397,0.0284697293,0.0000000000,0.0000000000,0.1194219813,0.0632128671,0.0778583295,0.0331764363,0.0681416558
0.0710532596,0.0817543534,0.0000000000,0.1420161695,0.0004325604,0.0187567716,0.0258400563,0.0000000000,0.0612345330,0.0000000000,0.0764999308,0.0000000000,0.0000000000,0.0382252757,0.0536115560,0.1556349736,0.1290425098,0.1458980502
0.1515901427,0.0967408165,0.0000000000,0.0373234844,0.1804985069,0.0821330543,0.0255705812,0.0000000000,0.0654532024,0.0149500712,0.0000000000,0.0000000000,0.0000000000,0.0517247723,0.0916903994,0.0176202469,0.0812285670,0.1034761549
0.0433792978,0.0543998954,0.0000000000,0.1275825057,0.0734736836,0.0964672878,0.0681098019,0.0000000000,0.1185870109,0.0097510899,0.0927092837,0.0000000000,0.0000000000,0.0769860006,0.0348789837,0.0933702113,0.0038627043,0.1064422434
0.0965719618,0.1326235474,0.0000000000,0.0573061936,0.0621827283,0.0569656139,0.0540001807,0.0000000000,0.1073031126,0.0464917451,0.1193069219,0.0000000000,0.0000000000,0.1055493414,0.1077346730,0.0212895166,0.0243427804,0.0083316834
0.1352943591,0.0071812170,0.0000000000,0.0317459759,0.0488064165,0.0250988148,0.1185161642,0.0000000000,0.0778136797,0.0776039470,0.0175620006,0.0000000000,0.0000000000,0.0000000000,0.1220592970,0.1038740532,0.1046310740,0.1298130012
0.0698407268,0.0465179621,0.0000000000,0.1044455583,0.1097436012,0.0914928345,0.0541497437,0.0000000000,0.1172053978,0.0737725945,0.0017723433,0.0000000000,0.0000000000,0.1176176318,0.0000000000,0.0689963335,0.0115453959,0.1328998765
0.0000000000,0.0000000000,0.0000000000,0.0000000000,0.0000000000,0.0000000000,0.0000000000,0.0000000000,0.0000000000,0.0000000000,0.0000000000,0.0000000000,0.0000000000,0.0000000000,0.0000000000,0.0000000000,0.4153139820,0.5846860180
0.0002649203,0.6063151786,0.0000000000,0.0002586313,0.0000590975,0.1262894185,0.2661040215,0.0000000000,0.0002600955,0.0000162058,0.0000212049,0.0000000000,0.0000000000,0.0001524204,0.0002588057,0.0000000000,0.0000000000,0.0000000000
0.0128436507,0.0648964214,0.0000000000,0.0670785094,0.0846220156,0.1228855248,0.1358855958,0.0000000000,0.1393621689,0.1144276586,0.0558462830,0.0000000000,0.0000000000,0.0702074035,0.0549823753,0.0419501699,0.0000000000,0.0350122231
0.1532140879,0.6132391160,0.0000000000,0.0000655433,0.0341555777,0.1985250777,0.0001394248,0.0000000000,0.0001488243,0.0001192523,0.0001528282,0.0000000000,0.0000000000,0.0000463346,0.0000860417,0.0000302824,0.0000776089,0.0000000000
