0.0000000000,0.0000000000,0.0000000000,0.0005144961,0.0000000000,0.0000000000,0.1018442888,0.0000000000,0.0002146132,0.0001659173,0.0001961667,0.0000000000,0.0000000000,0.0005406061,0.0000009623,0.4473946688,0.0001472889,0.4489809918
0.0000000000,0.0000000000,1.0000000000,0.0000000000,0.0000000000,0.0000000000,0.0000000000,0.0000000000,0.0000000000,0.0000000000,0.0000000000,0.0000000000,0.0000000000,0.0000000000,0.0000000000,0.0000000000,0.0000000000,0.0000000000
1.0000000000,0.0000000000,0.0000000000,0.0000000000,0.0000000000,0.0000000000,0.0000000000,0.0000000000,0.0000000000,0.0000000000,0.0000000000,0.0000000000,0.0000000000,0.0000000000,0.0000000000,0.0000000000,0.0000000000,0.0000000000
0.0000000000,0.0000000000,0.0000000000,0.0000066939,0.0000000000,0.0000000000,0.2812676988,0.0000000000,0.0000313560,0.0001486367,0.0000043563,0.0000000000,0.0000000000,0.0000278626,0.0255566711,0.4457873762,0.0001343055,0.2470350428
0.0000000000,0.0000000000,1.0000000000,0.0000000000,0.0000000000,0.0000000000,0.0000000000,0.0000000000,0.0000000000,0.0000000000,0.0000000000,0.0000000000,0.0000000000,0.0000000000,0.0000000000,0.0000000000,0.0000000000,0.0000000000
0.0000000000,1.0000000000,0.0000000000,0.0000000000,0.0000000000,0.0000000000,0.0000000000,0.0000000000,0.0000000000,0.0000000000,0.0000000000,0.0000000000,0.0000000000,0.0000000000,0.0000000000,0.0000000000,0.0000000000,0.0000000000
0.6304790215,0.0000000000,0.0000000000,0.0002888456,0.0000000000,0.0000000000,0.0001548906,0.0000000000,0.0001127712,0.0002120098,0.0003323770,0.0000000000,0.0000000000,0.0002814038,0.0001931944,0.2636231526,0.0003153531,0.1040069804
0.0547573185,0.0712117251,0.0000000000,0.0000000000,0.0000000000,0.0000000000,0.0589555794,0.0000000000,0.2343235129,0.0714390427,0.0284256441,0.0000000000,0.0000000000,0.1680847272,0.0337093287,0.0849285945,0.0352991169,0.1588654100
0.0023957919,0.7122497646,0.0000000000,0.0033059693,0.0000000000,0.2820484742,0.0000000000,0.0000000000,0.0000000000,0.0000000000,0.0000000000,0.0000000000,0.0000000000,0.0000000000,0.0000000000,0.0000000000,0.0000000000,0.0000000000
0.0000000000,0.0000000000,0.0000000000,0.0000000000,1.0000000000,0.0000000000,0.0000000000,0.0000000000,0.0000000000,0.0000000000,0.0000000000,0.0000000000,0.0000000000,0.0000000000,0.0000000000,0.0000000000,0.0000000000,0.0000000000
0.0000000000,0.0000000000,0.0000000000,0.0000000000,0.0000000000,0.0000000000,0.3679056083,0.0000000000,0.0004647124,0.0000253474,0.0000355404,0.0000000000,0.0000000000,0.0003074773,0.0002697893,0.5135231387,0.0002434329,0.1172249532
0.0000000000,0.0000000000,0.0000000000,0.0000000000,0.0000000000,0.0000000000,0.0000000000,0.3684611645,0.0001266172,0.0003136350,0.0001610352,0.0000000000,0.0000000000,0.0001519537,0.0001638703,0.3352566469,0.0003163338,0.2950487435
0.0004981649,0.3042488371,0.0000000000,0.0000335956,0.0003328469,0.6948865556,0.0000000000,0.0000000000,0.0000000000,0.0000000000,0.0000000000,0.0000000000,0.0000000000,0.0000000000,0.0000000000,0.0000000000,0.0000000000,0.0000000000
0.0592136176,0.1240611805,0.0000000000,0.0286508825,0.0873685219,0.0268257503,0.1118866191,0.0000000000,0.0000000000,0.1026344491,0.0838183820,0.0000000000,0.0000000000,0.0875172589,0.1150406725,0.0638077199,0.0669143914,0.0422605542
0.1106595578,0.0194653039,0.0000000000,0.0909229529,0.0951796667,0.1238976019,0.1176163734,0.0000000000,0.0688736065,0.0000000000,0.0675999676,0.0000000000,0.0000000000,0.1119467112,0.0966993652,0.0115679845,0.0805934852,0.0049774231
0.0139655401,0.2153520271,0.0000000000,0.1866214643,0.0757299767,0.1024864901,0.0176770141,0.0000000000,0.0671079603,0.0240851625,0.0000000000,0.0000000000,0.0000000000,0.0072006685,0.0404368063,0.0289509441,0.1436299796,0.0767559662
0.1308864338,0.0322954043,0.0000000000,0.1111312947,0.0587399326,0.0438351681,0.0372734905,0.0000000000,0.0788261224,0.0596526714,0.0810219805,0.0000000000,0.0000000000,0.0330752194,0.0927575562,0.0664444780,0.1069722613,0.0670879868
0.0843919866,0.0509712113,0.0000000000,0.0304952098,0.1204507134,0.0025574127,0.0755927781,0.0000000000,0.1138246838,0.0956177405,0.0264355843,0.0000000000,0.0000000000,0.0243252305,0.1058526848,0.1132776965,0.1058217648,0.0503853029
0.0278721557,0.1611172000,0.0000000000,0.0041917588,0.0408970130,0.1575455634,0.0246860801,0.0000000000,0.1269771786,0.0193479446,0.1387471042,0.0000000000,0.0000000000,0.0000000000,0.0870986589,0.0783761093,0.0024431236,0.1307001099
0.0709983768,0.0451536461,0.0000000000,0.0838368035,0.0212973208,0.0280175219,0.0645674011,0.0000000000,0.0890703292,0.1670358977,0.1385221848,0.0000000000,0.0000000000,0.0472153647,0.0000000000,0.0962553262,0.1172750592,0.0307547679
0.0000000000,0.0000000000,0.0000000000,0.0000000000,0.0000000000,0.0000000000,0.0000000000,0.0000000000,0.0000000000,0.0000000000,0.0000000000,0.0000000000,0.0000000000,0.0000000000,0.0000000000,0.0000000000,0.4971822912,0.5028177088
0.0001323650,0.9139977225,0.0000000000,0.0000928890,0.0000475214,0.0851323413,0.0000190679,0.0000000000,0.0001571962,0.0000911305,0.0001448492,0.0000000000,0.0000000000,0.0001244669,0.0000604500,0.0000000000,0.0000000000,0.0000000000
0.0569125056,0.1636954591,0.0000000000,0.1005358647,0.1115784566,0.0814090904,0.1689103028,0.0000000000,0.0102472070,0.1119417265,0.0561546916,0.0000000000,0.0000000000,0.0275096828,0.0435424414,0.0258427816,0.0000000000,0.0417197899
0.0558710971,0.4236431908,0.0000000000,0.0000424805,0.0000048779,0.2126771739,0.2646004762,0.0000000000,0.0001647766,0.0001762416,0.0000240112,0.0000000000,0.0000000000,0.0000751055,0.0001630688,0.0424438042,0.0001136957,0.0000000000
