0.0000000000,0.0000000000,0.0000000000,0.0004884055,0.0000000000,0.0000000000,0.8577979558,0.0000000000,0.0005957178,0.0017232425,0.0004517122,0.0000000000,0.0000000000,0.0013883391,0.0000850904,0.0017360302,0.0013822314,0.1343512750
0.0000000000,0.0000000000,1.0000000000,0.0000000000,0.0000000000,0.0000000000,0.0000000000,0.0000000000,0.0000000000,0.0000000000,0.0000000000,0.0000000000,0.0000000000,0.0000000000,0.0000000000,0.0000000000,0.0000000000,0.0000000000
1.0000000000,0.0000000000,0.0000000000,0.0000000000,0.0000000000,0.0000000000,0.0000000000,0.0000000000,0.0000000000,0.0000000000,0.0000000000,0.0000000000,0.0000000000,0.0000000000,0.0000000000,0.0000000000,0.0000000000,0.0000000000
0.0000000000,0.0000000000,0.0000000000,0.0000582743,0.0000000000,0.0000000000,0.4235993545,0.0000000000,0.0000235336,0.0000104447,0.0000567202,0.0000000000,0.0000000000,0.0000578842,0.0077258589,0.3724451616,0.0000242436,0.1959985244
0.0000000000,0.0000000000,1.0000000000,0.0000000000,0.0000000000,0.0000000000,0.0000000000,0.0000000000,0.0000000000,0.0000000000,0.0000000000,0.0000000000,0.0000000000,0.0000000000,0.0000000000,0.0000000000,0.0000000000,0.0000000000
0.0000000000,1.0000000000,0.0000000000,0.0000000000,0.0000000000,0.0000000000,0.0000000000,0.0000000000,0.0000000000,0.0000000000,0.0000000000,0.0000000000,0.0000000000,0.0000000000,0.0000000000,0.0000000000,0.0000000000,0.0000000000
0.2930467146,0.0000000000,0.0000000000,0.0002647837,0.0000000000,0.0000000000,0.1688100004,0.0000000000,0.0015792264,0.0015961098,0.0007859180,0.0000000000,0.0000000000,0.0013868323,0.0015376841,0.5299910467,0.0003677681,0.0006339162
0.1366555870,0.1379737368,0.0000000000,0.0000000000,0.0000000000,0.0000000000,0.1509571530,0.0000000000,0.1454582828,0.0433787377,0.0267587370,0.0000000000,0.0000000000,0.0321380406,0.0624215505,0.1144798022,0.0708867072,0.0788916653
0.0055745576,0.9757873454,0.0000000000,0.0024325055,0.0000000000,0.0162055915,0.0000000000,0.0000000000,0.0000000000,0.0000000000,0.0000000000,0.0000000000,0.0000000000,0.0000000000,0.0000000000,0.0000000000,0.0000000000,0.0000000000
0.0000000000,0.0000000000,0.0000000000,0.0000000000,1.0000000000,0.0000000000,0.0000000000,0.0000000000,0.0000000000,0.0000000000,0.0000000000,0.0000000000,0.0000000000,0.0000000000,0.0000000000,0.0000000000,0.0000000000,0.0000000000
0.0000000000,0.0000000000,0.0000000000,0.0000000000,0.0000000000,0.0000000000,0.0032203238,0.0000000000,0.0012822208,0.0032593940,0.0020065459,0.0000000000,0.0000000000,0.0034183025,0.0006954861,0.9839648791,0.0016321385,0.0005207092
0.0000000000,0.0000000000,0.0000000000,0.0000000000,0.0000000000,0.0000000000,0.0000000000,0.1264341869,0.0006192089,0.0010248053,0.0006822323,0.0000000000,0.0000000000,0.0001083288,0.0011363561,0.0002801021,0.0007169236,0.8689978560
0.0002539604,0.9514861628,0.0000000000,0.0013130288,0.0011901098,0.0457567383,0.0000000000,0.0000000000,0.0000000000,0.0000000000,0.0000000000,0.0000000000,0.0000000000,0.0000000000,0.0000000000,0.0000000000,0.0000000000,0.0000000000
0.0708100356,0.0502397601,0.0000000000,0.0076396973,0.1470749849,0.1401727975,0.0308387919,0.0000000000,0.0000000000,0.1290022210,0.0829498676,0.0000000000,0.0000000000,0.0772969999,0.0146664972,0.0859249516,0.1345605197,0.0288228754
0.1142968583,0.1083928282,0.0000000000,0.0760032764,0.0967567841,0.0345025082,0.0777762764,0.0000000000,0.0795223376,0.0000000000,0.0873929591,0.0000000000,0.0000000000,0.0330806817,0.0492105198,0.0808305822,0.0467352368,0.1154991510
0.0166003156,0.0877811179,0.0000000000,0.1361206647,0.1672929160,0.0860274544,0.0798667743,0.0000000000,0.0814061926,0.0584620628,0.0000000000,0.0000000000,0.0000000000,0.0766142188,0.0684353741,0.0053401941,0.0107900064,0.1252627081
0.0740602339,0.0527137271,0.0000000000,0.1215292491,0.0673199551,0.0666644296,0.1146708823,0.0000000000,0.0903061417,0.1014340819,0.0343523767,0.0000000000,0.0000000000,0.0952668923,0.0056609145,0.1155861375,0.0472305158,0.0132044624
0.1327133111,0.0324052801,0.0000000000,0.1248609228,0.0565270571,0.1119035162,0.0087446357,0.0000000000,0.0829315730,0.1380730507,0.0524990378,0.0000000000,0.0000000000,0.0950685664,0.0110275393,0.0004092750,0.0176577209,0.1351785139
0.0665699655,0.1001916684,0.0000000000,0.0189665477,0.0530153541,0.1059759825,0.0545092127,0.0000000000,0.1033037289,0.0282607332,0.0389755865,0.0000000000,0.0000000000,0.0000000000,0.0645939830,0.0952302432,0.1313945740,0.1390124203
0.0553254304,0.1292154864,0.0000000000,0.0268205574,0.0167812694,0.0178737962,0.0064436779,0.0000000000,0.1203490035,0.0301057642,0.1263107853,0.0000000000,0.0000000000,0.0968848377,0.0000000000,0.1336120990,0.1583628596,0.0819144330
0.0000000000,0.0000000000,0.0000000000,0.0000000000,0.0000000000,0.0000000000,0.0000000000,0.0000000000,0.0000000000,0.0000000000,0.0000000000,0.0000000000,0.0000000000,0.0000000000,0.0000000000,0.0000000000,0.5657752220,0.4342247780
0.0005359623,0.5371960983,0.0000000000,0.0011837636,0.0004268183,0.1067967598,0.3493455127,0.0000000000,0.0009362228,0.0012297889,0.0004742124,0.0000000000,0.0000000000,0.0007740221,0.0011008389,0.0000000000,0.0000000000,0.0000000000
0.1082260894,0.0854991618,0.0000000000,0.0597070897,0.1023841614,0.1310809811,0.1280482183,0.0000000000,0.0733055065,0.0578975184,0.0595278433,0.0000000000,0.0000000000,0.0116967174,0.0680510859,0.0863886392,0.0000000000,0.0281869876
0.0005996174,0.8216596217,0.0000000000,0.0003514783,0.0008080328,0.0001459897,0.0004093291,0.0000000000,0.0003814406,0.0008212745,0.0003782834,0.0000000000,0.0000000000,0.0005555738,0.0004597140,0.1732906002,0.0001390445,0.0000000000
