0.0000000000,0.0000000000,0.0000000000,0.0001383953,0.0000000000,0.0000000000,0.4921218891,0.0000000000,0.0000629409,0.0004692978,0.0000782022,0.0000000000,0.0000000000,0.0002266026,0.0003665385,0.5057558416,0.0004343920,0.0003459000
0.0000000000,0.0000000000,1.0000000000,0.0000000000,0.0000000000,0.0000000000,0.0000000000,0.0000000000,0.0000000000,0.0000000000,0.0000000000,0.0000000000,0.0000000000,0.0000000000,0.0000000000,0.0000000000,0.0000000000,0.0000000000
1.0000000000,0.0000000000,0.0000000000,0.0000000000,0.0000000000,0.0000000000,0.0000000000,0.0000000000,0.0000000000,0.0000000000,0.0000000000,0.0000000000,0.0000000000,0.0000000000,0.0000000000,0.0000000000,0.0000000000,0.0000000000
0.0000000000,0.0000000000,0.0000000000,0.0000607848,0.0000000000,0.0000000000,0.1996568049,0.0000000000,0.0000973596,0.0000951591,0.0000182265,0.0000000000,0.0000000000,0.0000771619,0.0000938778,0.4062530359,0.0000939918,0.3935535976
0.0000000000,0.0000000000,1.0000000000,0.0000000000,0.0000000000,0.0000000000,0.0000000000,0.0000000000,0.0000000000,0.0000000000,0.0000000000,0.0000000000,0.0000000000,0.0000000000,0.0000000000,0.0000000000,0.0000000000,0.0000000000
0.0000000000,1.0000000000,0.0000000000,0.0000000000,0.0000000000,0.0000000000,0.0000000000,0.0000000000,0.0000000000,0.0000000000,0.0000000000,0.0000000000,0.0000000000,0.0000000000,0.0000000000,0.0000000000,0.0000000000,0.0000000000
0.5205366364,0.0000000000,0.0000000000,0.0004637875,0.0000000000,0.0000000000,0.0004652115,0.0000000000,0.0003775071,0.0002753146,0.0001888475,0.0000000000,0.0000000000,0.0002916699,0.0001052517,0.4769256598,0.0000331998,0.0003369141
0.1459490232,0.1032816377,0.0000000000,0.0000000000,0.0000000000,0.0000000000,0.0544146535,0.0000000000,0.0787027616,0.0819351952,0.0811876061,0.0000000000,0.0000000000,0.1127535164,0.0323149068,0.1616770114,0.1214082845,0.0263754036
0.0039432885,0.9876565505,0.0000000000,0.0039988797,0.0000000000,0.0044012813,0.0000000000,0.0000000000,0.0000000000,0.0000000000,0.0000000000,0.0000000000,0.0000000000,0.0000000000,0.0000000000,0.0000000000,0.0000000000,0.0000000000
0.0000000000,0.0000000000,0.0000000000,0.0000000000,1.0000000000,0.0000000000,0.0000000000,0.0000000000,0.0000000000,0.0000000000,0.0000000000,0.0000000000,0.0000000000,0.0000000000,0.0000000000,0.0000000000,0.0000000000,0.0000000000
0.0000000000,0.0000000000,0.0000000000,0.0000000000,0.0000000000,0.0000000000,0.3619695002,0.0000000000,0.0010007807,0.0007605819,0.0001825826,0.0000000000,0.0000000000,0.0000676448,0.0002301695,0.2139841737,0.0009370438,0.4208675228
0.0000000000,0.0000000000,0.0000000000,0.0000000000,0.0000000000,0.0000000000,0.0000000000,0.3673289251,0.0001359360,0.0000093939,0.0001595681,0.0000000000,0.0000000000,0.0005783785,0.0004157310,0.5642816095,0.0003455883,0.0667448696
0.0000144057,0.8980628191,0.0000000000,0.0011615685,0.0004407621,0.1003204446,0.0000000000,0.0000000000,0.0000000000,0.0000000000,0.0000000000,0.0000000000,0.0000000000,0.0000000000,0.0000000000,0.0000000000,0.0000000000,0.0000000000
0.1326178119,0.1156568663,0.0000000000,0.0622334243,0.0439141746,0.0116465594,0.0476659549,0.0000000000,0.0000000000,0.1192859810,0.1026863536,0.0000000000,0.0000000000,0.0616530857,0.1234526285,0.0642922413,0.0066936823,0.1082012362
0.0812819588,0.1178796117,0.0000000000,0.0245100800,0.1002924990,0.0599798356,0.1033127867,0.0000000000,0.1192015960,0.0000000000,0.0143122806,0.0000000000,0.0000000000,0.0930888915,0.0049477539,0.1210352877,0.0415675610,0.1185898575
0.1098355849,0.0530636570,0.0000000000,0.1050591256,0.1178511937,0.0769973171,0.0596565810,0.0000000000,0.0956382474,0.0620870399,0.0000000000,0.0000000000,0.0000000000,0.1145451374,0.0410332198,0.0305911849,0.0253133239,0.1083283872
0.0626126467,0.1249416941,0.0000000000,0.0565907282,0.1250224545,0.1004903837,0.0635396625,0.0000000000,0.0861872097,0.1402093706,0.0017265040,0.0000000000,0.0000000000,0.0147890234,0.0998716009,0.0661301335,0.0288054871,0.0290831011
0.0402664893,0.0388988086,0.0000000000,0.0382334277,0.0720311553,0.0441552912,0.0519837593,0.0000000000,0.0866390153,0.1078465796,0.0723440810,0.0000000000,0.0000000000,0.0826759190,0.0650559466,0.0649543146,0.1214643962,0.1134508164
0.0147536979,0.0377244749,0.0000000000,0.1422158271,0.0450922516,0.1532719901,0.1238141026,0.0000000000,0.0315214114,0.0737571627,0.0467298892,0.0000000000,0.0000000000,0.0000000000,0.1070116228,0.0967871930,0.0055057159,0.1218146609
0.0306200120,0.0061825765,0.0000000000,0.0845586621,0.0528396950,0.1231809936,0.1328716723,0.0000000000,0.1453702165,0.0897954732,0.0688502235,0.0000000000,0.0000000000,0.0589360453,0.0000000000,0.1017882935,0.0554102080,0.0495959284
0.0000000000,0.0000000000,0.0000000000,0.0000000000,0.0000000000,0.0000000000,0.0000000000,0.0000000000,0.0000000000,0.0000000000,0.0000000000,0.0000000000,0.0000000000,0.0000000000,0.0000000000,0.0000000000,0.3905186703,0.6094813297
0.0000674922,0.4284166952,0.0000000000,0.0002468951,0.0002989674,0.1078373905,0.4624787651,0.0000000000,0.0000892800,0.0002009914,0.0000886297,0.0000000000,0.0000000000,0.0000897539,0.0001851395,0.0000000000,0.0000000000,0.0000000000
0.1321509894,0.0635635802,0.0000000000,0.1271473834,0.1092245447,0.0404392610,0.0937133336,0.0000000000,0.0552077960,0.0191852627,0.0254126686,0.0000000000,0.0000000000,0.0581625478,0.0346885629,0.1180352641,0.0000000000,0.1230688056
0.0595055198,0.6493694320,0.0000000000,0.0000735129,0.0000437498,0.2446470405,0.0000853270,0.0000000000,0.0000386024,0.0000038047,0.0001362541,0.0000000000,0.0000000000,0.0001430064,0.0000917457,0.0458480741,0.0000139307,0.0000000000
