0.0000000000,0.0000000000,0.0000000000,0.0000068854,0.0000000000,0.0000000000,0.3907732282,0.0000000000,0.0004681783,0.0005601776,0.0001694000,0.0000000000,0.0000000000,0.0010274093,0.0010511903,0.0009744153,0.0001652535,0.6048038621
0.0000000000,0.0000000000,1.0000000000,0.0000000000,0.0000000000,0.0000000000,0.0000000000,0.0000000000,0.0000000000,0.0000000000,0.0000000000,0.0000000000,0.0000000000,0.0000000000,0.0000000000,0.0000000000,0.0000000000,0.0000000000
1.0000000000,0.0000000000,0.0000000000,0.0000000000,0.0000000000,0.0000000000,0.0000000000,0.0000000000,0.0000000000,0.0000000000,0.0000000000,0.0000000000,0.0000000000,0.0000000000,0.0000000000,0.0000000000,0.0000000000,0.0000000000
0.0000000000,0.0000000000,0.0000000000,0.0002923095,0.0000000000,0.0000000000,0.7294970561,0.0000000000,0.0002771197,0.0000468152,0.0000475558,0.0000000000,0.0000000000,0.0000025213,0.0001578904,0.1313912604,0.0002137467,0.1380737249
0.0000000000,0.0000000000,1.0000000000,0.0000000000,0.0000000000,0.0000000000,0.0000000000,0.0000000000,0.0000000000,0.0000000000,0.0000000000,0.0000000000,0.0000000000,0.0000000000,0.0000000000,0.0000000000,0.0000000000,0.0000000000
0.0000000000,1.0000000000,0.0000000000,0.0000000000,0.0000000000,0.0000000000,0.0000000000,0.0000000000,0.0000000000,0.0000000000,0.0000000000,0.0000000000,0.0000000000,0.0000000000,0.0000000000,0.0000000000,0.0000000000,0.0000000000
0.3657806440,0.0000000000,0.0000000000,0.0008619009,0.0000000000,0.0000000000,0.3378393690,0.0000000000,0.0007939509,0.0004322522,0.0004988504,0.0000000000,0.0000000000,0.0003880747,0.0009181642,0.2920588555,0.0002439269,0.0001840113
0.1219534485,0.0614049903,0.0000000000,0.0000000000,0.0000000000,0.0000000000,0.0600009004,0.0000000000,0.0851710660,0.0554317991,0.1007051076,0.0000000000,0.0000000000,0.1175453287,0.0683462561,0.1230729227,0.0788322063,0.1275359742
0.0189294440,0.0109470395,0.0000000000,0.0174419366,0.0000000000,0.9526815799,0.0000000000,0.0000000000,0.0000000000,0.0000000000,0.0000000000,0.0000000000,0.0000000000,0.0000000000,0.0000000000,0.0000000000,0.0000000000,0.0000000000
0.0000000000,0.0000000000,0.0000000000,0.0000000000,1.0000000000,0.0000000000,0.0000000000,0.0000000000,0.0000000000,0.0000000000,0.0000000000,0.0000000000,0.0000000000,0.0000000000,0.0000000000,0.0000000000,0.0000000000,0.0000000000
0.0000000000,0.0000000000,0.0000000000,0.0000000000,0.0000000000,0.0000000000,0.5756333539,0.0000000000,0.0005831794,0.0001030194,0.0006449479,0.0000000000,0.0000000000,0.0005553341,0.0006082294,0.4199508591,0.0007783941,0.0011426829
0.0000000000,0.0000000000,0.0000000000,0.0000000000,0.0000000000,0.0000000000,0.0000000000,0.4642412031,0.0002987824,0.0001692665,0.0007763613,0.0000000000,0.0000000000,0.0007985969,0.0001560486,0.5330734764,0.0004381431,0.0000481218
0.0000368507,0.9982931592,0.0000000000,0.0007484247,0.0000641899,0.0008573754,0.0000000000,0.0000000000,0.0000000000,0.0000000000,0.0000000000,0.0000000000,0.0000000000,0.0000000000,0.0000000000,0.0000000000,0.0000000000,0.0000000000
0.1021126983,0.1051515262,0.0000000000,0.0786704090,0.1170911900,0.0143997531,0.1110190669,0.0000000000,0.0000000000,0.0289502573,0.1156015992,0.0000000000,0.0000000000,0.0222514281,0.1059802093,0.0516699587,0.0540794208,0.0930224831
0.0148563369,0.0449583647,0.0000000000,0.0981245752,0.1918960467,0.1430031090,0.1375578780,0.0000000000,0.0029231751,0.0000000000,0.0385910567,0.0000000000,0.0000000000,0.1183145478,0.0841051601,0.0963174007,0.0043815519,0.0249707974
0.0816817643,0.1341702311,0.0000000000,0.1195389987,0.0298744150,0.1102619370,0.0769152684,0.0000000000,0.0542385005,0.0745315980,0.0000000000,0.0000000000,0.0000000000,0.0576187652,0.0311508450,0.0826445053,0.1060686471,0.0413045244
0.1335708857,0.0156473974,0.0000000000,0.1445231404,0.0248237926,0.1667975058,0.0531811520,0.0000000000,0.0218951525,0.0920615895,0.0633980888,0.0000000000,0.0000000000,0.0624115584,0.1488519151,0.0278198408,0.0418789559,0.0031390251
0.0018724839,0.1189856989,0.0000000000,0.1108092644,0.0010524809,0.0039792315,0.0210032189,0.0000000000,0.1121040795,0.0997764323,0.0124024374,0.0000000000,0.0000000000,0.1105131269,0.1235281277,0.0362539509,0.1152236655,0.1324958013
0.0368967953,0.0948232285,0.0000000000,0.1021994828,0.0758101036,0.0931941596,0.1232304994,0.0000000000,0.0562082359,0.1346151275,0.0489771944,0.0000000000,0.0000000000,0.0000000000,0.0147116647,0.1379312357,0.0149788871,0.0664233854
0.0298493460,0.0091953070,0.0000000000,0.1750592690,0.0319568027,0.0617821700,0.0596016272,0.0000000000,0.1752453398,0.0399827256,0.0554806362,0.0000000000,0.0000000000,0.1412828460,0.0000000000,0.0075378510,0.0865907661,0.1264353134
0.0000000000,0.0000000000,0.0000000000,0.0000000000,0.0000000000,0.0000000000,0.0000000000,0.0000000000,0.0000000000,0.0000000000,0.0000000000,0.0000000000,0.0000000000,0.0000000000,0.0000000000,0.0000000000,0.4951756497,0.5048243503
0.3593299102,0.4752214528,0.0000000000,0.0001981723,0.0004106323,0.0970729400,0.0660550973,0.0000000000,0.0003563286,0.0000380341,0.0006005030,0.0000000000,0.0000000000,0.0000825136,0.0006344160,0.0000000000,0.0000000000,0.0000000000
0.0920061641,0.0468583620,0.0000000000,0.0413396035,0.0428147558,0.1161390415,0.1428369451,0.0000000000,0.0575193854,0.1436195491,0.0622817007,0.0000000000,0.0000000000,0.1437026386,0.0213320415,0.0464497652,0.0000000000,0.0431000474
0.0001644429,0.6257641681,0.0000000000,0.0002482599,0.0002555216,0.3331629914,0.0000817335,0.0000000000,0.0002821404,0.0000249441,0.0002367408,0.0000000000,0.0000000000,0.0000817168,0.0000777805,0.0395176603,0.0001018997,0.0000000000
