0.0000000000,0.0000000000,0.0000000000,0.0009677910,0.0000000000,0.0000000000,0.8090628950,0.0000000000,0.0002006384,0.0000633012,0.0012063933,0.0000000000,0.0000000000,0.0005291363,0.0005300010,0.1102350863,0.0009616516,0.0762431059
0.0000000000,0.0000000000,1.0000000000,0.0000000000,0.0000000000,0.0000000000,0.0000000000,0.0000000000,0.0000000000,0.0000000000,0.0000000000,0.0000000000,0.0000000000,0.0000000000,0.0000000000,0.0000000000,0.0000000000,0.0000000000
1.0000000000,0.0000000000,0.0000000000,0.0000000000,0.0000000000,0.0000000000,0.0000000000,0.0000000000,0.0000000000,0.0000000000,0.0000000000,0.0000000000,0.0000000000,0.0000000000,0.0000000000,0.0000000000,0.0000000000,0.0000000000
0.0000000000,0.0000000000,0.0000000000,0.0002352282,0.0000000000,0.0000000000,0.5171864509,0.0000000000,0.0001609878,0.0002819875,0.0001210240,0.0000000000,0.0000000000,0.0000283257,0.0001549509,0.2319386710,0.0000537679,0.2498386061
0.0000000000,0.0000000000,1.0000000000,0.0000000000,0.0000000000,0.0000000000,0.0000000000,0.0000000000,0.0000000000,0.0000000000,0.0000000000,0.0000000000,0.0000000000,0.0000000000,0.0000000000,0.0000000000,0.0000000000,0.0000000000
0.0000000000,1.0000000000,0.0000000000,0.0000000000,0.0000000000,0.0000000000,0.0000000000,0.0000000000,0.0000000000,0.0000000000,0.0000000000,0.0000000000,0.0000000000,0.0000000000,0.0000000000,0.0000000000,0.0000000000,0.0000000000
0.3442419828,0.0000000000,0.0000000000,0.0008467335,0.0000000000,0.0000000000,0.3378980253,0.0000000000,0.0012839737,0.0003181878,0.0000934226,0.0000000000,0.0000000000,0.0015963396,0.0004528682,0.3127893659,0.0000656012,0.0004134994
0.0846165772,0.1146304673,0.0000000000,0.0000000000,0.0000000000,0.0000000000,0.0553608815,0.0000000000,0.0221911083,0.0016683482,0.0644120599,0.0000000000,0.0000000000,0.1397161656,0.1238093726,0.1200892986,0.1530204723,0.1204852484
0.0059204266,0.6033545585,0.0000000000,0.0021608702,0.0000000000,0.3885641448,0.0000000000,0.0000000000,0.0000000000,0.0000000000,0.0000000000,0.0000000000,0.0000000000,0.0000000000,0.0000000000,0.0000000000,0.0000000000,0.0000000000
0.0000000000,0.0000000000,0.0000000000,0.0000000000,1.0000000000,0.0000000000,0.0000000000,0.0000000000,0.0000000000,0.0000000000,0.0000000000,0.0000000000,0.0000000000,0.0000000000,0.0000000000,0.0000000000,0.0000000000,0.0000000000
0.0000000000,0.0000000000,0.0000000000,0.0000000000,0.0000000000,0.0000000000,0.1977912820,0.0000000000,0.0005236040,0.0005794583,0.0003850292,0.0000000000,0.0000000000,0.0006492217,0.0642931745,0.5923527329,0.0000389443,0.1433865531
0.0000000000,0.0000000000,0.0000000000,0.0000000000,0.0000000000,0.0000000000,0.0000000000,0.3405996361,0.0001889271,0.0010699331,0.0001797280,0.0000000000,0.0000000000,0.0010335017,0.0008250435,0.4167231026,0.0012387436,0.2381413845
0.0013179145,0.9265165437,0.0000000000,0.0010970469,0.0007959299,0.0702725650,0.0000000000,0.0000000000,0.0000000000,0.0000000000,0.0000000000,0.0000000000,0.0000000000,0.0000000000,0.0000000000,0.0000000000,0.0000000000,0.0000000000
0.0209695777,0.0503710985,0.0000000000,0.0561999578,0.1148987901,0.1030849530,0.0648245697,0.0000000000,0.0000000000,0.0468722809,0.1710957623,0.0000000000,0.0000000000,0.1424428231,0.0222371677,0.1509532431,0.0357602109,0.0202895651
0.1248396955,0.0816733302,0.0000000000,0.1301096454,0.0840748579,0.0405802145,0.0648267748,0.0000000000,0.0204640742,0.0000000000,0.0020027064,0.0000000000,0.0000000000,0.0906194439,0.1277356427,0.0584736990,0.0819609697,0.0926389458
0.0929322317,0.1342714418,0.0000000000,0.0645252425,0.0766144968,0.1004067497,0.0324380397,0.0000000000,0.0335054253,0.0787646117,0.0000000000,0.0000000000,0.0000000000,0.0168310094,0.0842900168,0.0670404098,0.0731321729,0.1452481519
0.0932445413,0.0666079641,0.0000000000,0.0024256120,0.1265591964,0.1307957919,0.0283259379,0.0000000000,0.1116524709,0.0867914420,0.0203122033,0.0000000000,0.0000000000,0.0013741676,0.0612204048,0.1287838462,0.0890727140,0.0528337076
0.1341202144,0.0315515693,0.0000000000,0.0055751021,0.0941640836,0.0771042346,0.0808844220,0.0000000000,0.1027448531,0.0587293043,0.0768832249,0.0000000000,0.0000000000,0.0501099578,0.1019195006,0.1074744821,0.0574950637,0.0212439875
0.1023423433,0.0782911800,0.0000000000,0.0403147626,0.0854521067,0.0409829457,0.1037271803,0.0000000000,0.0903138339,0.1014314616,0.0674929624,0.0000000000,0.0000000000,0.0000000000,0.0552055707,0.0640305447,0.0878111093,0.0826039988
0.0008554983,0.1575643910,0.0000000000,0.1130861703,0.0781082056,0.0450408572,0.1661861302,0.0000000000,0.0398386436,0.0326121543,0.1531341214,0.0000000000,0.0000000000,0.0030460119,0.0000000000,0.0361161519,0.0943978968,0.0800137674
0.0000000000,0.0000000000,0.0000000000,0.0000000000,0.0000000000,0.0000000000,0.0000000000,0.0000000000,0.0000000000,0.0000000000,0.0000000000,0.0000000000,0.0000000000,0.0000000000,0.0000000000,0.0000000000,0.5262221835,0.4737778165
0.2454581671,0.3038267280,0.0000000000,0.0001533513,0.0002700178,0.3867307986,0.0619790918,0.0000000000,0.0005918860,0.0001123404,0.0000664030,0.0000000000,0.0000000000,0.0002723614,0.0005388547,0.0000000000,0.0000000000,0.0000000000
0.0218537255,0.1431913388,0.0000000000,0.1015033317,0.0799668392,0.0204349024,0.1505542974,0.0000000000,0.0188277325,0.0716929419,0.0740644986,0.0000000000,0.0000000000,0.1292284176,0.0134624071,0.0271484285,0.0000000000,0.1480711387
0.0001777616,0.7112967941,0.0000000000,0.0001306232,0.0408175071,0.1817184214,0.0643816767,0.0000000000,0.0001062451,0.0003985937,0.0003234635,0.0000000000,0.0000000000,0.0001222639,0.0001444820,0.0002719086,0.0001102588,0.0000000000
