0.0000000000,0.0000000000,0.0000000000,0.0027460698,0.0000000000,0.0000000000,0.9858037592,0.0000000000,0.0013466531,0.0000005482,0.0012850608,0.0000000000,0.0000000000,0.0010944138,0.0010399851,0.0020950775,0.0014808686,0.0031075639
0.0000000000,0.0000000000,1.0000000000,0.0000000000,0.0000000000,0.0000000000,0.0000000000,0.0000000000,0.0000000000,0.0000000000,0.0000000000,0.0000000000,0.0000000000,0.0000000000,0.0000000000,0.0000000000,0.0000000000,0.0000000000
1.0000000000,0.0000000000,0.0000000000,0.0000000000,0.0000000000,0.0000000000,0.0000000000,0.0000000000,0.0000000000,0.0000000000,0.0000000000,0.0000000000,0.0000000000,0.0000000000,0.0000000000,0.0000000000,0.0000000000,0.0000000000
0.0000000000,0.0000000000,0.0000000000,0.0000404826,0.0000000000,0.0000000000,0.3871341311,0.0000000000,0.0000643515,0.0001831247,0.0003300931,0.0000000000,0.0000000000,0.0001848527,0.0000125031,0.4669262880,0.0001437810,0.1449803922
0.0000000000,0.0000000000,1.0000000000,0.0000000000,0.0000000000,0.0000000000,0.0000000000,0.0000000000,0.0000000000,0.0000000000,0.0000000000,0.0000000000,0.0000000000,0.0000000000,0.0000000000,0.0000000000,0.0000000000,0.0000000000
0.0000000000,1.0000000000,0.0000000000,0.0000000000,0.0000000000,0.0000000000,0.0000000000,0.0000000000,0.0000000000,0.0000000000,0.0000000000,0.0000000000,0.0000000000,0.0000000000,0.0000000000,0.0000000000,0.0000000000,0.0000000000
0.2390635981,0.0000000000,0.0000000000,0.0012717129,0.0000000000,0.0000000000,0.3359639523,0.0000000000,0.0001360797,0.0004653188,0.0003479145,0.0000000000,0.0000000000,0.0012758882,0.0014263818,0.0010969152,0.0014523113,0.4174999272
0.1571251540,0.1533754039,0.0000000000,0.0000000000,0.0000000000,0.0000000000,0.0137074808,0.0000000000,0.0515505520,0.0004030913,0.0723321322,0.0000000000,0.0000000000,0.1523484536,0.1142792698,0.0592050559,0.1006709282,0.1250024782
0.0292837854,0.9537224301,0.0000000000,0.0129095713,0.0000000000,0.0040842131,0.0000000000,0.0000000000,0.0000000000,0.0000000000,0.0000000000,0.0000000000,0.0000000000,0.0000000000,0.0000000000,0.0000000000,0.0000000000,0.0000000000
0.0000000000,0.0000000000,0.0000000000,0.0000000000,1.0000000000,0.0000000000,0.0000000000,0.0000000000,0.0000000000,0.0000000000,0.0000000000,0.0000000000,0.0000000000,0.0000000000,0.0000000000,0.0000000000,0.0000000000,0.0000000000
0.0000000000,0.0000000000,0.0000000000,0.0000000000,0.0000000000,0.0000000000,0.4299604033,0.0000000000,0.0005414428,0.0006201847,0.0009761914,0.0000000000,0.0000000000,0.0014974684,0.0009065886,0.5636180709,0.0014976444,0.0003820055
0.0000000000,0.0000000000,0.0000000000,0.0000000000,0.0000000000,0.0000000000,0.0000000000,0.3233181623,0.0004925051,0.0004959354,0.0009259251,0.0000000000,0.0000000000,0.0017739592,0.1198631685,0.0005492296,0.0015141773,0.5510669374
0.0009547892,0.7702857727,0.0000000000,0.0021224690,0.0006993637,0.2259376054,0.0000000000,0.0000000000,0.0000000000,0.0000000000,0.0000000000,0.0000000000,0.0000000000,0.0000000000,0.0000000000,0.0000000000,0.0000000000,0.0000000000
0.0849894388,0.0687936539,0.0000000000,0.0498539662,0.0755117160,0.0790650544,0.0747230058,0.0000000000,0.0000000000,0.0743012512,0.0417420705,0.0000000000,0.0000000000,0.0917001650,0.1139380937,0.0848916247,0.0538277569,0.1066622028
0.0834834782,0.1308574576,0.0000000000,0.0782845324,0.1437351826,0.0745882313,0.1059155471,0.0000000000,0.0559891524,0.0000000000,0.0095713505,0.0000000000,0.0000000000,0.0603163870,0.1303529391,0.0459262438,0.0576007852,0.0233787127
0.0238946210,0.0414257830,0.0000000000,0.1217960568,0.0992904169,0.1033048589,0.1263477971,0.0000000000,0.1156427491,0.0509732908,0.0000000000,0.0000000000,0.0000000000,0.1148671167,0.0134836569,0.0356681158,0.0474943066,0.1058112303
0.0153810122,0.1073639495,0.0000000000,0.0727708041,0.0496965091,0.1031678619,0.1048263880,0.0000000000,0.1248706979,0.0798643754,0.0327262820,0.0000000000,0.0000000000,0.0486867037,0.0717525287,0.0558377458,0.0141492910,0.1189058506
0.1141467764,0.0855653341,0.0000000000,0.0082368197,0.0186196420,0.1232119067,0.0485996546,0.0000000000,0.0471523801,0.0604105478,0.0025680324,0.0000000000,0.0000000000,0.0369280836,0.0956433260,0.1351516589,0.0969467799,0.1268190579
0.0673641543,0.0519689255,0.0000000000,0.0611136442,0.0602743150,0.0793994455,0.1442291505,0.0000000000,0.0927663890,0.0651178721,0.1228303229,0.0000000000,0.0000000000,0.0000000000,0.1104389294,0.0820864392,0.0521576462,0.0102527662
0.0002366681,0.0254842812,0.0000000000,0.1063748500,0.0716949412,0.0888870442,0.0317331141,0.0000000000,0.1235295924,0.1231046973,0.1084721440,0.0000000000,0.0000000000,0.0973585048,0.0000000000,0.0994084675,0.0483026782,0.0754130169
0.0000000000,0.0000000000,0.0000000000,0.0000000000,0.0000000000,0.0000000000,0.0000000000,0.0000000000,0.0000000000,0.0000000000,0.0000000000,0.0000000000,0.0000000000,0.0000000000,0.0000000000,0.0000000000,0.5359946129,0.4640053871
0.2561919657,0.4133992720,0.0000000000,0.0005373436,0.0001187907,0.2643668502,0.0641569693,0.0000000000,0.0003769112,0.0001827324,0.0002365826,0.0000000000,0.0000000000,0.0000856722,0.0003469102,0.0000000000,0.0000000000,0.0000000000
0.0975324420,0.0764182534,0.0000000000,0.0957036036,0.0238760122,0.0589935858,0.0725798512,0.0000000000,0.1414878055,0.0954992407,0.0586932078,0.0000000000,0.0000000000,0.1323339558,0.1044601978,0.0245199319,0.0000000000,0.0179019124
0.0001346001,0.8989414389,0.0000000000,0.0003567942,0.0361408392,0.0322392821,0.0000699706,0.0000000000,0.0000782939,0.0001949731,0.0002312163,0.0000000000,0.0000000000,0.0004660635,0.0000302837,0.0307894278,0.0003268166,0.0000000000
