0.0000000000,0.0000000000,0.0000000000,0.0010862621,0.0000000000,0.0000000000,0.3673992559,0.0000000000,0.0009742025,0.0007186710,0.0010731894,0.0000000000,0.0000000000,0.0003822055,0.0000899139,0.4629752357,0.0010115342,0.1642895297
0.0000000000,0.0000000000,1.0000000000,0.0000000000,0.0000000000,0.0000000000,0.0000000000,0.0000000000,0.0000000000,0.0000000000,0.0000000000,0.0000000000,0.0000000000,0.0000000000,0.0000000000,0.0000000000,0.0000000000,0.0000000000
1.0000000000,0.0000000000,0.0000000000,0.0000000000,0.0000000000,0.0000000000,0.0000000000,0.0000000000,0.0000000000,0.0000000000,0.0000000000,0.0000000000,0.0000000000,0.0000000000,0.0000000000,0.0000000000,0.0000000000,0.0000000000
0.0000000000,0.0000000000,0.0000000000,0.0000041604,0.0000000000,0.0000000000,0.5150398028,0.0000000000,0.0003069874,0.0000480445,0.0001771096,0.0000000000,0.0000000000,0.0001610454,0.0002042076,0.1875155524,0.0001170100,0.2964260799
0.0000000000,0.0000000000,1.0000000000,0.0000000000,0.0000000000,0.0000000000,0.0000000000,0.0000000000,0.0000000000,0.0000000000,0.0000000000,0.0000000000,0.0000000000,0.0000000000,0.0000000000,0.0000000000,0.0000000000,0.0000000000
0.0000000000,1.0000000000,0.0000000000,0.0000000000,0.0000000000,0.0000000000,0.0000000000,0.0000000000,0.0000000000,0.0000000000,0.0000000000,0.0000000000,0.0000000000,0.0000000000,0.0000000000,0.0000000000,0.0000000000,0.0000000000
0.0012141571,0.0000000000,0.0000000000,0.0000435303,0.0000000000,0.0000000000,0.7766064480,0.0000000000,0.0005638538,0.0004246140,0.0000006863,0.0000000000,0.0000000000,0.0002798145,0.0010014064,0.1086030619,0.0002594562,0.1110029715
0.1165055087,0.0700981298,0.0000000000,0.0000000000,0.0000000000,0.0000000000,0.1640126458,0.0000000000,0.1021392631,0.0636091847,0.0871782442,0.0000000000,0.0000000000,0.1090838555,0.1131589143,0.0169366301,0.0316653046,0.1256123191
0.0028673624,0.8049335464,0.0000000000,0.0007368192,0.0000000000,0.1914622719,0.0000000000,0.0000000000,0.0000000000,0.0000000000,0.0000000000,0.0000000000,0.0000000000,0.0000000000,0.0000000000,0.0000000000,0.0000000000,0.0000000000
0.0000000000,0.0000000000,0.0000000000,0.0000000000,1.0000000000,0.0000000000,0.0000000000,0.0000000000,0.0000000000,0.0000000000,0.0000000000,0.0000000000,0.0000000000,0.0000000000,0.0000000000,0.0000000000,0.0000000000,0.0000000000
0.0000000000,0.0000000000,0.0000000000,0.0000000000,0.0000000000,0.0000000000,0.5814019904,0.0000000000,0.0005298195,0.0002999009,0.0010042318,0.0000000000,0.0000000000,0.0002115655,0.0015789020,0.4093343806,0.0026735801,0.0029656292
0.0000000000,0.0000000000,0.0000000000,0.0000000000,0.0000000000,0.0000000000,0.0000000000,0.3457737965,0.0010677242,0.0014693961,0.0002800817,0.0000000000,0.0000000000,0.0014365433,0.0009695775,0.6479093828,0.0003563529,0.0007371450
0.0827645180,0.2505099921,0.0000000000,0.0005247137,0.0019525764,0.6642481997,0.0000000000,0.0000000000,0.0000000000,0.0000000000,0.0000000000,0.0000000000,0.0000000000,0.0000000000,0.0000000000,0.0000000000,0.0000000000,0.0000000000
0.0522263496,0.0064084562,0.0000000000,0.1251108761,0.0389026997,0.1073559310,0.1570107641,0.0000000000,0.0000000000,0.0782144972,0.1054291447,0.0000000000,0.0000000000,0.0825275645,0.0778609583,0.0712001063,0.0821993806,0.0155532717
0.0219607427,0.0597602116,0.0000000000,0.0233272347,0.1348738698,0.1276258847,0.1572142751,0.0000000000,0.0542462871,0.0000000000,0.0523596667,0.0000000000,0.0000000000,0.0413494103,0.0441530817,0.0548418834,0.1659158527,0.0623715997
0.1340062534,0.1033626011,0.0000000000,0.1138560331,0.0550880973,0.0453547664,0.1235290337,0.0000000000,0.0471990523,0.0122306395,0.0000000000,0.0000000000,0.0000000000,0.0593612826,0.0579830756,0.0905454564,0.1157164811,0.0417672274
0.0551661385,0.0795148712,0.0000000000,0.1207533478,0.0672579543,0.0758310048,0.0583301289,0.0000000000,0.0198038344,0.0608595968,0.0897192464,0.0000000000,0.0000000000,0.0681433218,0.0808110091,0.0088113679,0.1182717186,0.0967264597
0.0929650611,0.0446695565,0.0000000000,0.1054665083,0.0698895500,0.0873956328,0.0921771744,0.0000000000,0.1393578377,0.0768114404,0.0993127407,0.0000000000,0.0000000000,0.0568263989,0.0029375124,0.0985521239,0.0190536055,0.0145848573
0.1086737220,0.0798848473,0.0000000000,0.0272262809,0.0168280638,0.1428030013,0.1475095225,0.0000000000,0.1030649000,0.0092633716,0.0506983546,0.0000000000,0.0000000000,0.0000000000,0.1123821337,0.0772262046,0.0839230332,0.0405165645
0.0759305069,0.1262292198,0.0000000000,0.0913548623,0.0059852548,0.1268816727,0.0482542764,0.0000000000,0.0941798146,0.0208293150,0.0662707597,0.0000000000,0.0000000000,0.1366731572,0.0000000000,0.0727224625,0.0009848303,0.1337038678
0.0000000000,0.0000000000,0.0000000000,0.0000000000,0.0000000000,0.0000000000,0.0000000000,0.0000000000,0.0000000000,0.0000000000,0.0000000000,0.0000000000,0.0000000000,0.0000000000,0.0000000000,0.0000000000,0.7651640763,0.2348359237
0.2595069167,0.6352083672,0.0000000000,0.0004568921,0.0002604283,0.1027330810,0.0005701947,0.0000000000,0.0000898753,0.0003386386,0.0005733867,0.0000000000,0.0000000000,0.0000611417,0.0002010777,0.0000000000,0.0000000000,0.0000000000
0.1258653352,0.0188155181,0.0000000000,0.0996914204,0.1121330262,0.0326146195,0.0832319637,0.0000000000,0.0910861367,0.0162648806,0.0983270499,0.0000000000,0.0000000000,0.1038610205,0.0367844787,0.1024250373,0.0000000000,0.0788995133
0.0003045515,0.6730629527,0.0000000000,0.0000838423,0.0401932949,0.0810781557,0.0937755256,0.0000000000,0.0002871522,0.0001593274,0.0002290806,0.0000000000,0.0000000000,0.0001624510,0.0002532118,0.1101664216,0.0002440326,0.0000000000
