0.0000000000,0.0000000000,0.0000000000,0.0006314024,0.0000000000,0.0000000000,0.0903677548,0.0000000000,0.0008757930,0.0006130272,0.0004300661,0.0000000000,0.0000000000,0.0005889793,0.0683761910,0.1442431573,0.0003559421,0.6935176870
0.0000000000,0.0000000000,1.0000000000,0.0000000000,0.0000000000,0.0000000000,0.0000000000,0.0000000000,0.0000000000,0.0000000000,0.0000000000,0.0000000000,0.0000000000,0.0000000000,0.0000000000,0.0000000000,0.0000000000,0.0000000000
1.0000000000,0.0000000000,0.0000000000,0.0000000000,0.0000000000,0.0000000000,0.0000000000,0.0000000000,0.0000000000,0.0000000000,0.0000000000,0.0000000000,0.0000000000,0.0000000000,0.0000000000,0.0000000000,0.0000000000,0.0000000000
0.0000000000,0.0000000000,0.0000000000,0.0000579937,0.0000000000,0.0000000000,0.3175362545,0.0000000000,0.0001741348,0.0000837577,0.0000703241,0.0000000000,0.0000000000,0.0000323933,0.0001461256,0.5564993367,0.0000799224,0.1253197571
0.0000000000,0.0000000000,1.0000000000,0.0000000000,0.0000000000,0.0000000000,0.0000000000,0.0000000000,0.0000000000,0.0000000000,0.0000000000,0.0000000000,0.0000000000,0.0000000000,0.0000000000,0.0000000000,0.0000000000,0.0000000000
0.0000000000,1.0000000000,0.0000000000,0.0000000000,0.0000000000,0.0000000000,0.0000000000,0.0000000000,0.0000000000,0.0000000000,0.0000000000,0.0000000000,0.0000000000,0.0000000000,0.0000000000,0.0000000000,0.0000000000,0.0000000000
0.2513359602,0.0000000000,0.0000000000,0.0008991390,0.0000000000,0.0000000000,0.4311957902,0.0000000000,0.0002284376,0.0004859838,0.0007951983,0.0000000000,0.0000000000,0.0008134940,0.0004323964,0.3130105611,0.0005468616,0.0002561778
0.0322436196,0.0800503334,0.0000000000,0.0000000000,0.0000000000,0.0000000000,0.0870549124,0.0000000000,0.0897870243,0.1230393125,0.1412436334,0.0000000000,0.0000000000,0.1448235436,0.1807610234,0.0077790436,0.0084815069,0.1047360469
0.0008091575,0.7510396778,0.0000000000,0.0016538180,0.0000000000,0.2464973467,0.0000000000,0.0000000000,0.0000000000,0.0000000000,0.0000000000,0.0000000000,0.0000000000,0.0000000000,0.0000000000,0.0000000000,0.0000000000,0.0000000000
0.0000000000,0.0000000000,0.0000000000,0.0000000000,1.0000000000,0.0000000000,0.0000000000,0.0000000000,0.0000000000,0.0000000000,0.0000000000,0.0000000000,0.0000000000,0.0000000000,0.0000000000,0.0000000000,0.0000000000,0.0000000000
0.0000000000,0.0000000000,0.0000000000,0.0000000000,0.0000000000,0.0000000000,0.2696165204,0.0000000000,0.0009049958,0.0012192046,0.0006257781,0.0000000000,0.0000000000,0.0001954664,0.0008741754,0.3983349712,0.0000788741,0.3281500140
0.0000000000,0.0000000000,0.0000000000,0.0000000000,0.0000000000,0.0000000000,0.0000000000,0.3482939687,0.0007991005,0.0012286938,0.0004971794,0.0000000000,0.0000000000,0.0003132139,0.0008540965,0.0011955032,0.0009760324,0.6458422115
0.0010939200,0.4566238893,0.0000000000,0.0008631567,0.0017252356,0.5396937983,0.0000000000,0.0000000000,0.0000000000,0.0000000000,0.0000000000,0.0000000000,0.0000000000,0.0000000000,0.0000000000,0.0000000000,0.0000000000,0.0000000000
0.0947650165,0.0981886723,0.0000000000,0.1148836045,0.0790520018,0.0481297351,0.1209927188,0.0000000000,0.0000000000,0.1108384126,0.0652713724,0.0000000000,0.0000000000,0.0888185089,0.0488929222,0.0431853853,0.0094718861,0.0775097635
0.1449006765,0.0511395287,0.0000000000,0.0184108812,0.0068744585,0.1130569209,0.1485077584,0.0000000000,0.1307906849,0.0000000000,0.0006541072,0.0000000000,0.0000000000,0.0288090471,0.1204144865,0.0940732553,0.0636219372,0.0787462575
0.0316919393,0.1177882967,0.0000000000,0.0657131760,0.1435824103,0.0410639045,0.1030746210,0.0000000000,0.0676675578,0.0617530649,0.0000000000,0.0000000000,0.0000000000,0.0409414334,0.0815033069,0.0326407348,0.0902053896,0.1223741646
0.1323968366,0.1171867623,0.0000000000,0.1483651111,0.0613847851,0.0735777927,0.1349947777,0.0000000000,0.0440207133,0.0279118944,0.0253075003,0.0000000000,0.0000000000,0.0578627074,0.0267433904,0.0457488173,0.0552926189,0.0492062925
0.0955625664,0.0415067113,0.0000000000,0.0843422104,0.0728875701,0.0328146583,0.0709654520,0.0000000000,0.0661916575,0.0908634403,0.0930411984,0.0000000000,0.0000000000,0.0694837294,0.0634282136,0.0840150757,0.0580632913,0.0768342252
0.0087199239,0.0021667152,0.0000000000,0.1538315190,0.0111161824,0.0892343090,0.0823033336,0.0000000000,0.1083303952,0.1695405598,0.0316823812,0.0000000000,0.0000000000,0.0000000000,0.0753408869,0.0878481403,0.1580050987,0.0218805549
0.0158690858,0.0943516831,0.0000000000,0.1053279417,0.0636142496,0.0987919638,0.1334958634,0.0000000000,0.1202832019,0.1338176458,0.0288089132,0.0000000000,0.0000000000,0.0450886380,0.0000000000,0.0058055545,0.1216780032,0.0330672560
0.0000000000,0.0000000000,0.0000000000,0.0000000000,0.0000000000,0.0000000000,0.0000000000,0.0000000000,0.0000000000,0.0000000000,0.0000000000,0.0000000000,0.0000000000,0.0000000000,0.0000000000,0.0000000000,0.9068068620,0.0931931380
0.3265687273,0.3057647752,0.0000000000,0.0005291019,0.0005366747,0.3646737820,0.0005098736,0.0000000000,0.0000344000,0.0002941482,0.0004088307,0.0000000000,0.0000000000,0.0002002836,0.0004794028,0.0000000000,0.0000000000,0.0000000000
0.0482179914,0.0978780943,0.0000000000,0.0887579451,0.1107036371,0.0487918595,0.0797819050,0.0000000000,0.1053616872,0.0522075338,0.0931766502,0.0000000000,0.0000000000,0.1069489929,0.0960514258,0.0497890099,0.0000000000,0.0223332678
0.0001682759,0.8761269656,0.0000000000,0.0002691575,0.0000290505,0.1214564664,0.0003747851,0.0000000000,0.0004257203,0.0000258071,0.0003104433,0.0000000000,0.0000000000,0.0000457664,0.0001292583,0.0004146706,0.0002236332,0.0000000000
