0.0000000000,0.0000000000,0.0000000000,0.0004922673,0.0000000000,0.0000000000,0.1855295500,0.0000000000,0.0012022650,0.0016968215,0.0004533383,0.0000000000,0.0000000000,0.0010592421,0.0009932065,0.1534815676,0.0001824050,0.6549093367
0.0000000000,0.0000000000,1.0000000000,0.0000000000,0.0000000000,0.0000000000,0.0000000000,0.0000000000,0.0000000000,0.0000000000,0.0000000000,0.0000000000,0.0000000000,0.0000000000,0.0000000000,0.0000000000,0.0000000000,0.0000000000
1.0000000000,0.0000000000,0.0000000000,0.0000000000,0.0000000000,0.0000000000,0.0000000000,0.0000000000,0.0000000000,0.0000000000,0.0000000000,0.0000000000,0.0000000000,0.0000000000,0.0000000000,0.0000000000,0.0000000000,0.0000000000
0.0000000000,0.0000000000,0.0000000000,0.0001442681,0.0000000000,0.0000000000,0.3763858218,0.0000000000,0.0000522797,0.0000863392,0.0001084871,0.0000000000,0.0000000000,0.0001226906,0.0099332122,0.4394815808,0.0000277649,0.1736575556
0.0000000000,0.0000000000,1.0000000000,0.0000000000,0.0000000000,0.0000000000,0.0000000000,0.0000000000,0.0000000000,0.0000000000,0.0000000000,0.0000000000,0.0000000000,0.0000000000,0.0000000000,0.0000000000,0.0000000000,0.0000000000
0.0000000000,1.0000000000,0.0000000000,0.0000000000,0.0000000000,0.0000000000,0.0000000000,0.0000000000,0.0000000000,0.0000000000,0.0000000000,0.0000000000,0.0000000000,0.0000000000,0.0000000000,0.0000000000,0.0000000000,0.0000000000
0.1392705780,0.0000000000,0.0000000000,0.0009555079,0.0000000000,0.0000000000,0.6794831592,0.0000000000,0.0010078838,0.0021135929,0.0007847565,0.0000000000,0.0000000000,0.0013442757,0.0017411749,0.0017009347,0.0018319947,0.1697661417
0.0607542645,0.0902654907,0.0000000000,0.0000000000,0.0000000000,0.0000000000,0.0390289199,0.0000000000,0.1679591537,0.0611078900,0.0614579896,0.0000000000,0.0000000000,0.1783292389,0.0433931518,0.0194940193,0.1272078978,0.1510019838
0.2335286073,0.7598678960,0.0000000000,0.0003232895,0.0000000000,0.0062802072,0.0000000000,0.0000000000,0.0000000000,0.0000000000,0.0000000000,0.0000000000,0.0000000000,0.0000000000,0.0000000000,0.0000000000,0.0000000000,0.0000000000
0.0000000000,0.0000000000,0.0000000000,0.0000000000,1.0000000000,0.0000000000,0.0000000000,0.0000000000,0.0000000000,0.0000000000,0.0000000000,0.0000000000,0.0000000000,0.0000000000,0.0000000000,0.0000000000,0.0000000000,0.0000000000
0.0000000000,0.0000000000,0.0000000000,0.0000000000,0.0000000000,0.0000000000,0.2701844757,0.0000000000,0.0002378407,0.0000253097,0.0035271708,0.0000000000,0.0000000000,0.0021717780,0.0025988383,0.7191672195,0.0011736705,0.0009136969
0.0000000000,0.0000000000,0.0000000000,0.0000000000,0.0000000000,0.0000000000,0.0000000000,0.2184064750,0.0022359440,0.0022269420,0.0025389564,0.0000000000,0.0000000000,0.0002513425,0.0015169578,0.1253703328,0.0002494315,0.6472036179
0.0002795560,0.8024739007,0.0000000000,0.0018578498,0.0036858371,0.1917028564,0.0000000000,0.0000000000,0.0000000000,0.0000000000,0.0000000000,0.0000000000,0.0000000000,0.0000000000,0.0000000000,0.0000000000,0.0000000000,0.0000000000
0.1552045784,0.0713284219,0.0000000000,0.0988589882,0.0322766726,0.0262996308,0.0658413061,0.0000000000,0.0000000000,0.0904870035,0.0809497541,0.0000000000,0.0000000000,0.0723220473,0.1634531592,0.0121000957,0.0250237568,0.1058545854
0.1179134401,0.0735286966,0.0000000000,0.0534176125,0.1019044641,0.0971471364,0.0833167424,0.0000000000,0.0827295299,0.0000000000,0.0463823093,0.0000000000,0.0000000000,0.0670408107,0.1295962868,0.0789968708,0.0568124230,0.0112136775
0.0520909150,0.0664753138,0.0000000000,0.0925236617,0.0928319850,0.0475927580,0.1178340491,0.0000000000,0.1162864957,0.1241143177,0.0000000000,0.0000000000,0.0000000000,0.1055896157,0.0318393570,0.0264358809,0.1138635564,0.0125220940
0.1442546767,0.1277316596,0.0000000000,0.1298825679,0.0805580963,0.0008060526,0.0717966453,0.0000000000,0.0518032996,0.1087353363,0.0126846981,0.0000000000,0.0000000000,0.0398613298,0.0599929687,0.0979996138,0.0125149995,0.0613780558
0.1221705092,0.1214447356,0.0000000000,0.1310858647,0.1186899741,0.0119612589,0.0095824434,0.0000000000,0.0159117134,0.0349284697,0.0827972425,0.0000000000,0.0000000000,0.0629800423,0.0179712363,0.0280026506,0.1157507712,0.1267230882
0.0064466366,0.0891317702,0.0000000000,0.1766746866,0.0676209939,0.0727865318,0.1217064624,0.0000000000,0.0991681518,0.0329113739,0.1458566369,0.0000000000,0.0000000000,0.0000000000,0.0244022185,0.0617180570,0.0600269633,0.0415495170
0.0232262172,0.0472810186,0.0000000000,0.0227190801,0.1261544190,0.0513318370,0.0621914142,0.0000000000,0.0309165374,0.1408752967,0.0950494750,0.0000000000,0.0000000000,0.1117107142,0.0000000000,0.0507802095,0.1314129851,0.1063507960
0.0000000000,0.0000000000,0.0000000000,0.0000000000,0.0000000000,0.0000000000,0.0000000000,0.0000000000,0.0000000000,0.0000000000,0.0000000000,0.0000000000,0.0000000000,0.0000000000,0.0000000000,0.0000000000,0.6675981958,0.3324018042
0.1862246580,0.3628721238,0.0000000000,0.0004928869,0.0007346692,0.4441267699,0.0010598796,0.0000000000,0.0000011766,0.0007986612,0.0016561460,0.0000000000,0.0000000000,0.0006372714,0.0013957575,0.0000000000,0.0000000000,0.0000000000
0.1329669362,0.0265326456,0.0000000000,0.0045283842,0.0878966583,0.0089207833,0.0399060014,0.0000000000,0.0724610515,0.0951134610,0.1129269730,0.0000000000,0.0000000000,0.0933148397,0.1174421189,0.0731566228,0.0000000000,0.1348335240
0.0006244963,0.9315004413,0.0000000000,0.0008838890,0.0002665689,0.0001938033,0.0006537219,0.0000000000,0.0005355587,0.0006269554,0.0005790874,0.0000000000,0.0000000000,0.0002846456,0.0001117419,0.0634814359,0.0002576544,0.0000000000
