0.0000000000,0.0000000000,0.0000000000,0.0340201600,0.0000000000,0.0000000000,0.1535977037,0.0000000000,0.1148402508,0.0121248389,0.0304423608,0.0000000000,0.0000000000,0.1619151792,0.0349453890,0.1231319059,0.1777635666,0.1572186450
0.0000000000,0.0000000000,1.0000000000,0.0000000000,0.0000000000,0.0000000000,0.0000000000,0.0000000000,0.0000000000,0.0000000000,0.0000000000,0.0000000000,0.0000000000,0.0000000000,0.0000000000,0.0000000000,0.0000000000,0.0000000000
1.0000000000,0.0000000000,0.0000000000,0.0000000000,0.0000000000,0.0000000000,0.0000000000,0.0000000000,0.0000000000,0.0000000000,0.0000000000,0.0000000000,0.0000000000,0.0000000000,0.0000000000,0.0000000000,0.0000000000,0.0000000000
0.0000000000,0.0000000000,0.0000000000,0.1236151304,0.0000000000,0.0000000000,0.1565638285,0.0000000000,0.0976317898,0.0788397017,0.0657117637,0.0000000000,0.0000000000,0.1618552280,0.0636422144,0.1465272504,0.0221082803,0.0835048129
0.0000000000,0.0000000000,1.0000000000,0.0000000000,0.0000000000,0.0000000000,0.0000000000,0.0000000000,0.0000000000,0.0000000000,0.0000000000,0.0000000000,0.0000000000,0.0000000000,0.0000000000,0.0000000000,0.0000000000,0.0000000000
0.0000000000,1.0000000000,0.0000000000,0.0000000000,0.0000000000,0.0000000000,0.0000000000,0.0000000000,0.0000000000,0.0000000000,0.0000000000,0.0000000000,0.0000000000,0.0000000000,0.0000000000,0.0000000000,0.0000000000,0.0000000000
0.9859358988,0.0000000000,0.0000000000,0.0012670736,0.0000000000,0.0000000000,0.0007973196,0.0000000000,0.0012986161,0.0015216241,0.0008362302,0.0000000000,0.0000000000,0.0019077821,0.0009911675,0.0017689939,0.0016266345,0.0020486596
0.0193441089,0.7553795606,0.0000000000,0.0000000000,0.0000000000,0.0000000000,0.0092026526,0.0000000000,0.0464596098,0.0287490689,0.0326015177,0.0000000000,0.0000000000,0.0216581043,0.0323965956,0.0096580392,0.0071590506,0.0373916918
0.0203285734,0.9716614356,0.0000000000,0.0013413415,0.0000000000,0.0066686496,0.0000000000,0.0000000000,0.0000000000,0.0000000000,0.0000000000,0.0000000000,0.0000000000,0.0000000000,0.0000000000,0.0000000000,0.0000000000,0.0000000000
0.0000000000,0.0000000000,0.0000000000,0.0000000000,1.0000000000,0.0000000000,0.0000000000,0.0000000000,0.0000000000,0.0000000000,0.0000000000,0.0000000000,0.0000000000,0.0000000000,0.0000000000,0.0000000000,0.0000000000,0.0000000000
0.0000000000,0.0000000000,0.0000000000,0.0000000000,0.0000000000,0.0000000000,0.1328236320,0.0000000000,0.1590294438,0.1078911695,0.0098997690,0.0000000000,0.0000000000,0.1426412315,0.1431478279,0.0589097797,0.1319261745,0.1137309720
0.0000000000,0.0000000000,0.0000000000,0.0000000000,0.0000000000,0.0000000000,0.0000000000,0.9694754463,0.0030876747,0.0009754951,0.0006073375,0.0000000000,0.0000000000,0.0060273455,0.0051783481,0.0061821411,0.0073944060,0.0010718057
0.0745060470,0.7982805356,0.0000000000,0.0213126091,0.0322584898,0.0736423184,0.0000000000,0.0000000000,0.0000000000,0.0000000000,0.0000000000,0.0000000000,0.0000000000,0.0000000000,0.0000000000,0.0000000000,0.0000000000,0.0000000000
0.0092276581,0.7295908758,0.0000000000,0.0451603887,0.0311881923,0.0455084095,0.0037775579,0.0000000000,0.0000000000,0.0105950696,0.0262180714,0.0000000000,0.0000000000,0.0171989416,0.0365307900,0.0115699495,0.0264138680,0.0070202272
0.0071719264,0.7725221100,0.0000000000,0.0325678569,0.0213876592,0.0298390686,0.0326118612,0.0000000000,0.0156734548,0.0000000000,0.0011291310,0.0000000000,0.0000000000,0.0386896316,0.0126837640,0.0085680513,0.0037834428,0.0233720420
0.0310457097,0.7584770186,0.0000000000,0.0073740086,0.0165812664,0.0056907555,0.0316630450,0.0000000000,0.0081028798,0.0399547963,0.0000000000,0.0000000000,0.0000000000,0.0195759251,0.0122772110,0.0462680175,0.0142320290,0.0087573375
0.0138402903,0.8040742080,0.0000000000,0.0280580200,0.0058496142,0.0206653211,0.0149850656,0.0000000000,0.0017962827,0.0213394363,0.0253146177,0.0000000000,0.0000000000,0.0081318700,0.0117208907,0.0119726758,0.0099862963,0.0222654112
0.0128897625,0.7463226904,0.0000000000,0.0166901945,0.0394384667,0.0003736541,0.0358796627,0.0000000000,0.0051626844,0.0108109692,0.0379195662,0.0000000000,0.0000000000,0.0055248823,0.0190665334,0.0377364705,0.0057424237,0.0264420393
0.0298252015,0.7381781027,0.0000000000,0.0201368925,0.0044173807,0.0439275500,0.0141901978,0.0000000000,0.0171626376,0.0250946521,0.0242325362,0.0000000000,0.0000000000,0.0000000000,0.0227541646,0.0250129101,0.0059588835,0.0291088908
0.0113088157,0.0755317068,0.0000000000,0.1312769452,0.1183087947,0.0559781131,0.1121931506,0.0000000000,0.1342100122,0.0443649997,0.0533559939,0.0000000000,0.0000000000,0.0473898707,0.0000000000,0.0912887782,0.0785447650,0.0462480540
0.0000000000,0.0000000000,0.0000000000,0.0000000000,0.0000000000,0.0000000000,0.0000000000,0.0000000000,0.0000000000,0.0000000000,0.0000000000,0.0000000000,0.0000000000,0.0000000000,0.0000000000,0.0000000000,0.4642674575,0.5357325425
0.0857083711,0.0363318257,0.0000000000,0.0967122935,0.0625591098,0.0607850952,0.0978483926,0.0000000000,0.1199820771,0.2136424916,0.0171334851,0.0000000000,0.0000000000,0.0290445192,0.1802523391,0.0000000000,0.0000000000,0.0000000000
0.0881467643,0.1011561235,0.0000000000,0.1293819276,0.0674124032,0.0419819624,0.0795615599,0.0000000000,0.0112677904,0.0142424567,0.0765939992,0.0000000000,0.0000000000,0.1363962165,0.0376881195,0.1234158507,0.0000000000,0.0927548262
0.1107678570,0.0196108657,0.0000000000,0.0416883730,0.1464644688,0.0003585121,0.1560936223,0.0000000000,0.1313390240,0.0668533724,0.0613157481,0.0000000000,0.0000000000,0.1567203437,0.0329819339,0.0637478208,0.0120580585,0.0000000000
