0.0000000000,0.0000000000,0.0000000000,0.0851639334,0.0000000000,0.0000000000,0.1177738571,0.0000000000,0.0390830716,0.1491257213,0.1407854703,0.0000000000,0.0000000000,0.1540599964,0.0956140286,0.1241480245,0.0586916875,0.0355542094
0.0000000000,0.0000000000,1.0000000000,0.0000000000,0.0000000000,0.0000000000,0.0000000000,0.0000000000,0.0000000000,0.0000000000,0.0000000000,0.0000000000,0.0000000000,0.0000000000,0.0000000000,0.0000000000,0.0000000000,0.0000000000
1.0000000000,0.0000000000,0.0000000000,0.0000000000,0.0000000000,0.0000000000,0.0000000000,0.0000000000,0.0000000000,0.0000000000,0.0000000000,0.0000000000,0.0000000000,0.0000000000,0.0000000000,0.0000000000,0.0000000000,0.0000000000
0.0000000000,0.0000000000,0.0000000000,0.1490860274,0.0000000000,0.0000000000,0.0604840108,0.0000000000,0.1194851563,0.1568789900,0.1687953723,0.0000000000,0.0000000000,0.0647528742,0.0896775060,0.0042053374,0.1033989531,0.0832357726
0.0000000000,0.0000000000,1.0000000000,0.0000000000,0.0000000000,0.0000000000,0.0000000000,0.0000000000,0.0000000000,0.0000000000,0.0000000000,0.0000000000,0.0000000000,0.0000000000,0.0000000000,0.0000000000,0.0000000000,0.0000000000
0.0000000000,1.0000000000,0.0000000000,0.0000000000,0.0000000000,0.0000000000,0.0000000000,0.0000000000,0.0000000000,0.0000000000,0.0000000000,0.0000000000,0.0000000000,0.0000000000,0.0000000000,0.0000000000,0.0000000000,0.0000000000
0.9836244848,0.0000000000,0.0000000000,0.0016028556,0.0000000000,0.0000000000,0.0007276959,0.0000000000,0.0023883943,0.0011367782,0.0017005438,0.0000000000,0.0000000000,0.0012000116,0.0021420834,0.0018043270,0.0013400125,0.0023328130
0.1409784815,0.1315964447,0.0000000000,0.0000000000,0.0000000000,0.0000000000,0.0373048903,0.0000000000,0.0416656655,0.0276502741,0.1110315379,0.0000000000,0.0000000000,0.0998885753,0.0455588170,0.1226375427,0.1604455501,0.0812422208
0.0145698049,0.7413630878,0.0000000000,0.0053291697,0.0000000000,0.2387379375,0.0000000000,0.0000000000,0.0000000000,0.0000000000,0.0000000000,0.0000000000,0.0000000000,0.0000000000,0.0000000000,0.0000000000,0.0000000000,0.0000000000
0.0000000000,0.0000000000,0.0000000000,0.0000000000,1.0000000000,0.0000000000,0.0000000000,0.0000000000,0.0000000000,0.0000000000,0.0000000000,0.0000000000,0.0000000000,0.0000000000,0.0000000000,0.0000000000,0.0000000000,0.0000000000
0.0000000000,0.0000000000,0.0000000000,0.0000000000,0.0000000000,0.0000000000,0.0691926996,0.0000000000,0.1247293214,0.0828756439,0.0748667496,0.0000000000,0.0000000000,0.1682185856,0.1540316588,0.0477632354,0.1194629483,0.1588591574
0.0000000000,0.0000000000,0.0000000000,0.0000000000,0.0000000000,0.0000000000,0.0000000000,0.0670514528,0.0115909069,0.1770664290,0.0286662854,0.0000000000,0.0000000000,0.2174713120,0.0377296283,0.2350805681,0.1766222794,0.0487211380
0.3509158746,0.0681472329,0.0000000000,0.3437161987,0.2364874745,0.0007332193,0.0000000000,0.0000000000,0.0000000000,0.0000000000,0.0000000000,0.0000000000,0.0000000000,0.0000000000,0.0000000000,0.0000000000,0.0000000000,0.0000000000
0.0875175079,0.1259344169,0.0000000000,0.0026721366,0.0142313290,0.2939004854,0.0849885617,0.0000000000,0.0000000000,0.0340970997,0.0051125864,0.0000000000,0.0000000000,0.0444808034,0.0179030513,0.1094691033,0.1460429577,0.0336499607
0.0651736478,0.1126558618,0.0000000000,0.0684628974,0.0903664595,0.0273813650,0.0261932428,0.0000000000,0.1100242010,0.0000000000,0.0909967451,0.0000000000,0.0000000000,0.0174790281,0.0694450570,0.1078490509,0.0874741171,0.1264983264
0.1059343283,0.1419156684,0.0000000000,0.1042570205,0.1275371786,0.1640581636,0.0439995543,0.0000000000,0.0017210665,0.1019097356,0.0000000000,0.0000000000,0.0000000000,0.0656991105,0.0173928074,0.0459259515,0.0121437026,0.0675057122
0.0464890935,0.6063302583,0.0000000000,0.0115737084,0.0549122150,0.0123293505,0.0301037939,0.0000000000,0.0355806206,0.0584170067,0.0441326443,0.0000000000,0.0000000000,0.0098544440,0.0034978657,0.0173761410,0.0489510889,0.0204517691
0.0144524060,0.0537963621,0.0000000000,0.1124783908,0.0068372780,0.1183100928,0.0019112344,0.0000000000,0.0268884281,0.1284231310,0.1457571471,0.0000000000,0.0000000000,0.0434628728,0.1437341192,0.0980337292,0.0274794009,0.0784354077
0.0534828868,0.0241778776,0.0000000000,0.0052614951,0.1179679348,0.0419094725,0.1440403449,0.0000000000,0.1460581217,0.1049460456,0.0409650637,0.0000000000,0.0000000000,0.0000000000,0.0430593746,0.0630846635,0.0615528206,0.1534938986
0.0889957339,0.0539845920,0.0000000000,0.0376980760,0.0979555067,0.1160654366,0.0689967086,0.0000000000,0.0016445446,0.1004404039,0.1036038110,0.0000000000,0.0000000000,0.0931568995,0.0000000000,0.0884968883,0.0654888517,0.0834725473
0.0000000000,0.0000000000,0.0000000000,0.0000000000,0.0000000000,0.0000000000,0.0000000000,0.0000000000,0.0000000000,0.0000000000,0.0000000000,0.0000000000,0.0000000000,0.0000000000,0.0000000000,0.0000000000,0.6317647623,0.3682352377
0.1441953409,0.1358449623,0.0000000000,0.0737297993,0.0267495564,0.1548824333,0.0835977532,0.0000000000,0.1113298289,0.0920176083,0.0760786639,0.0000000000,0.0000000000,0.0251155051,0.0764585484,0.0000000000,0.0000000000,0.0000000000
0.1114184747,0.1262430543,0.0000000000,0.1056695138,0.0136387804,0.0197987792,0.0310198118,0.0000000000,0.1102347312,0.0341728121,0.1271778339,0.0000000000,0.0000000000,0.0717728596,0.1066211610,0.0437031004,0.0000000000,0.0985290877
0.0887966673,0.1115007535,0.0000000000,0.1337745368,0.1108835207,0.0752514467,0.0095446470,0.0000000000,0.0464598042,0.0574251014,0.1296661180,0.0000000000,0.0000000000,0.0388068177,0.0672486059,0.0495695407,0.0810724399,0.0000000000
