0.0000000000,0.0000000000,0.0000000000,0.0003510324,0.0000000000,0.0000000000,0.2609300303,0.0000000000,0.0002358430,0.0007975788,0.0005911331,0.0000000000,0.0000000000,0.0007669642,0.0005809301,0.1558995035,0.0004947181,0.5793522665
0.0000000000,0.0000000000,1.0000000000,0.0000000000,0.0000000000,0.0000000000,0.0000000000,0.0000000000,0.0000000000,0.0000000000,0.0000000000,0.0000000000,0.0000000000,0.0000000000,0.0000000000,0.0000000000,0.0000000000,0.0000000000
1.0000000000,0.0000000000,0.0000000000,0.0000000000,0.0000000000,0.0000000000,0.0000000000,0.0000000000,0.0000000000,0.0000000000,0.0000000000,0.0000000000,0.0000000000,0.0000000000,0.0000000000,0.0000000000,0.0000000000,0.0000000000
0.0000000000,0.0000000000,0.0000000000,0.0002319574,0.0000000000,0.0000000000,0.0999993234,0.0000000000,0.0000467720,0.0000046035,0.0001446735,0.0000000000,0.0000000000,0.0003550264,0.0002281249,0.6614697017,0.0001308036,0.2373890135
0.0000000000,0.0000000000,1.0000000000,0.0000000000,0.0000000000,0.0000000000,0.0000000000,0.0000000000,0.0000000000,0.0000000000,0.0000000000,0.0000000000,0.0000000000,0.0000000000,0.0000000000,0.0000000000,0.0000000000,0.0000000000
0.0000000000,1.0000000000,0.0000000000,0.0000000000,0.0000000000,0.0000000000,0.0000000000,0.0000000000,0.0000000000,0.0000000000,0.0000000000,0.0000000000,0.0000000000,0.0000000000,0.0000000000,0.0000000000,0.0000000000,0.0000000000
0.1689618851,0.0000000000,0.0000000000,0.0003837031,0.0000000000,0.0000000000,0.5745765308,0.0000000000,0.0012863427,0.0003065548,0.0002245326,0.0000000000,0.0000000000,0.0005085288,0.1265375953,0.1263028626,0.0001943016,0.0007171625
0.0939158448,0.1244139031,0.0000000000,0.0000000000,0.0000000000,0.0000000000,0.0301093872,0.0000000000,0.1160658534,0.1534016828,0.1524232110,0.0000000000,0.0000000000,0.0254738232,0.1165064760,0.0093433078,0.1470720608,0.0312744500
0.0034978664,0.4933804052,0.0000000000,0.0047191621,0.0000000000,0.4984025663,0.0000000000,0.0000000000,0.0000000000,0.0000000000,0.0000000000,0.0000000000,0.0000000000,0.0000000000,0.0000000000,0.0000000000,0.0000000000,0.0000000000
0.0000000000,0.0000000000,0.0000000000,0.0000000000,1.0000000000,0.0000000000,0.0000000000,0.0000000000,0.0000000000,0.0000000000,0.0000000000,0.0000000000,0.0000000000,0.0000000000,0.0000000000,0.0000000000,0.0000000000,0.0000000000
0.0000000000,0.0000000000,0.0000000000,0.0000000000,0.0000000000,0.0000000000,0.5232514440,0.0000000000,0.0005202122,0.0008207116,0.0008019256,0.0000000000,0.0000000000,0.0000234464,0.0004306646,0.0911930079,0.0004446064,0.3825139813
0.0000000000,0.0000000000,0.0000000000,0.0000000000,0.0000000000,0.0000000000,0.0000000000,0.3648821975,0.0004725174,0.0004261286,0.0006217650,0.0000000000,0.0000000000,0.0004853476,0.0004271137,0.1930743670,0.0003200396,0.4392905235
0.4516659493,0.5453708251,0.0000000000,0.0018285066,0.0005090475,0.0006256716,0.0000000000,0.0000000000,0.0000000000,0.0000000000,0.0000000000,0.0000000000,0.0000000000,0.0000000000,0.0000000000,0.0000000000,0.0000000000,0.0000000000
0.0929040435,0.1147821668,0.0000000000,0.0979920457,0.0627508966,0.0752294141,0.0825953378,0.0000000000,0.0000000000,0.0938120339,0.0608954070,0.0000000000,0.0000000000,0.0121187813,0.0364847438,0.0905988240,0.0383682664,0.1414680393
0.0013482838,0.1337386114,0.0000000000,0.0671331379,0.1137610063,0.1283537825,0.0250193228,0.0000000000,0.1551954265,0.0000000000,0.0081246920,0.0000000000,0.0000000000,0.0770457002,0.1084725250,0.0175108801,0.1368867753,0.0274098561
0.0003166688,0.0948314946,0.0000000000,0.1146059408,0.1153275175,0.0489233188,0.1063995455,0.0000000000,0.0064160265,0.0856254404,0.0000000000,0.0000000000,0.0000000000,0.1565033424,0.0406149000,0.1281581941,0.0050918824,0.0971857283
0.0417645769,0.0237916270,0.0000000000,0.1256853790,0.0206748244,0.1076195827,0.1087512405,0.0000000000,0.0113922535,0.1017379854,0.0944743645,0.0000000000,0.0000000000,0.0478282433,0.0315451812,0.1053491722,0.1174202533,0.0619653161
0.0299061417,0.1248506176,0.0000000000,0.0856935183,0.0067947098,0.0111796801,0.0857285469,0.0000000000,0.0975734108,0.1258260335,0.0882188678,0.0000000000,0.0000000000,0.1213346678,0.0069411955,0.0471689609,0.0598501693,0.1089334802
0.0174045517,0.1562155379,0.0000000000,0.1167922593,0.0794834873,0.0756915614,0.0996743916,0.0000000000,0.0149511456,0.0925980980,0.0402720504,0.0000000000,0.0000000000,0.0000000000,0.1302154117,0.0164513540,0.0721613306,0.0880888204
0.0552162214,0.0790522486,0.0000000000,0.1040650415,0.1032214488,0.0407148268,0.0782852849,0.0000000000,0.0604084043,0.0724773839,0.0940539203,0.0000000000,0.0000000000,0.0639567024,0.0000000000,0.0659768680,0.0956561486,0.0869155005
0.0000000000,0.0000000000,0.0000000000,0.0000000000,0.0000000000,0.0000000000,0.0000000000,0.0000000000,0.0000000000,0.0000000000,0.0000000000,0.0000000000,0.0000000000,0.0000000000,0.0000000000,0.0000000000,0.3395514539,0.6604485461
0.0001269393,0.7567722869,0.0000000000,0.0003344194,0.0424061688,0.1990800216,0.0003688382,0.0000000000,0.0004185462,0.0000753314,0.0000520303,0.0000000000,0.0000000000,0.0002251276,0.0001402904,0.0000000000,0.0000000000,0.0000000000
0.0624763864,0.0828927437,0.0000000000,0.0434661363,0.1051556494,0.0833348492,0.0788540239,0.0000000000,0.0354429792,0.0956499479,0.1033994653,0.0000000000,0.0000000000,0.0916427552,0.0591796660,0.0739827332,0.0000000000,0.0845226644
0.0003111994,0.6346932648,0.0000000000,0.0001177306,0.0000647116,0.1698037164,0.0000369458,0.0000000000,0.0000711715,0.0003024990,0.0000569397,0.0000000000,0.0000000000,0.0001857840,0.0002828749,0.1939359763,0.0001371859,0.0000000000
