0.0000000000,0.0000000000,0.0000000000,0.0016089155,0.0000000000,0.0000000000,0.0015885954,0.0000000000,0.0009343790,0.0011139453,0.0003957196,0.0000000000,0.0000000000,0.0008856711,0.0015380586,0.6226606366,0.0007323130,0.3685417660
0.0000000000,0.0000000000,1.0000000000,0.0000000000,0.0000000000,0.0000000000,0.0000000000,0.0000000000,0.0000000000,0.0000000000,0.0000000000,0.0000000000,0.0000000000,0.0000000000,0.0000000000,0.0000000000,0.0000000000,0.0000000000
1.0000000000,0.0000000000,0.0000000000,0.0000000000,0.0000000000,0.0000000000,0.0000000000,0.0000000000,0.0000000000,0.0000000000,0.0000000000,0.0000000000,0.0000000000,0.0000000000,0.0000000000,0.0000000000,0.0000000000,0.0000000000
0.0000000000,0.0000000000,0.0000000000,0.0000647764,0.0000000000,0.0000000000,0.3723920705,0.0000000000,0.0001075853,0.0002948625,0.0002043094,0.0000000000,0.0000000000,0.0000488847,0.0002768629,0.3388075536,0.0000520444,0.2877510503
0.0000000000,0.0000000000,1.0000000000,0.0000000000,0.0000000000,0.0000000000,0.0000000000,0.0000000000,0.0000000000,0.0000000000,0.0000000000,0.0000000000,0.0000000000,0.0000000000,0.0000000000,0.0000000000,0.0000000000,0.0000000000
0.0000000000,1.0000000000,0.0000000000,0.0000000000,0.0000000000,0.0000000000,0.0000000000,0.0000000000,0.0000000000,0.0000000000,0.0000000000,0.0000000000,0.0000000000,0.0000000000,0.0000000000,0.0000000000,0.0000000000,0.0000000000
0.0003286845,0.0000000000,0.0000000000,0.0012001255,0.0000000000,0.0000000000,0.4326981334,0.0000000000,0.0006405258,0.0016618627,0.0015015926,0.0000000000,0.0000000000,0.0000724689,0.0021273435,0.0005076106,0.0017476030,0.5575140494
0.0463687355,0.1241844833,0.0000000000,0.0000000000,0.0000000000,0.0000000000,0.1801178327,0.0000000000,0.0908917962,0.1045100009,0.1424380053,0.0000000000,0.0000000000,0.0371614313,0.1320206040,0.0562533294,0.0531172024,0.0329365792
0.0020350815,0.4487355563,0.0000000000,0.0022809391,0.0000000000,0.5469484231,0.0000000000,0.0000000000,0.0000000000,0.0000000000,0.0000000000,0.0000000000,0.0000000000,0.0000000000,0.0000000000,0.0000000000,0.0000000000,0.0000000000
0.0000000000,0.0000000000,0.0000000000,0.0000000000,1.0000000000,0.0000000000,0.0000000000,0.0000000000,0.0000000000,0.0000000000,0.0000000000,0.0000000000,0.0000000000,0.0000000000,0.0000000000,0.0000000000,0.0000000000,0.0000000000
0.0000000000,0.0000000000,0.0000000000,0.0000000000,0.0000000000,0.0000000000,0.4337293936,0.0000000000,0.0013501074,0.0004993294,0.0005822240,0.0000000000,0.0000000000,0.0014111392,0.0014461934,0.4235753741,0.0009953073,0.1364109315
0.0000000000,0.0000000000,0.0000000000,0.0000000000,0.0000000000,0.0000000000,0.0000000000,0.2503455343,0.0003512817,0.0003455694,0.0013464255,0.0000000000,0.0000000000,0.0007720114,0.0015260751,0.5507791649,0.0011398641,0.1933940736
0.3743893147,0.3589625239,0.0000000000,0.0017144988,0.0003556144,0.2645780482,0.0000000000,0.0000000000,0.0000000000,0.0000000000,0.0000000000,0.0000000000,0.0000000000,0.0000000000,0.0000000000,0.0000000000,0.0000000000,0.0000000000
0.0989398303,0.0958609607,0.0000000000,0.0388042933,0.1134415079,0.1235431525,0.1398178134,0.0000000000,0.0000000000,0.0737118613,0.0802633257,0.0000000000,0.0000000000,0.0020009366,0.0062156491,0.1160488992,0.0054506321,0.1059011380
0.0876826692,0.2067868510,0.0000000000,0.0383032722,0.0642268865,0.1700977436,0.0158067875,0.0000000000,0.0196528447,0.0000000000,0.0646138620,0.0000000000,0.0000000000,0.1408994786,0.0198979565,0.0100015018,0.1432435587,0.0187865877
0.0241221138,0.1273457664,0.0000000000,0.0308015736,0.0722428612,0.1187354476,0.1264013986,0.0000000000,0.0139531025,0.0639758669,0.0000000000,0.0000000000,0.0000000000,0.1068275072,0.0237239422,0.1199338918,0.0567106594,0.1152258688
0.0194269246,0.0206811116,0.0000000000,0.0435166616,0.0959582877,0.0856879168,0.1073064686,0.0000000000,0.0991322695,0.0931550023,0.0536228819,0.0000000000,0.0000000000,0.1148391958,0.0380470085,0.0179301249,0.0934874890,0.1172086573
0.0338988124,0.1211546819,0.0000000000,0.1147148362,0.0918174129,0.0059155298,0.0504877031,0.0000000000,0.0679840496,0.0775428161,0.0677930005,0.0000000000,0.0000000000,0.0619544568,0.1243231591,0.0803595115,0.0831520877,0.0189019424
0.0142041291,0.0426647407,0.0000000000,0.0895769808,0.0744027669,0.0197887846,0.0553016675,0.0000000000,0.0766679080,0.0569548019,0.1051755468,0.0000000000,0.0000000000,0.0000000000,0.1053356579,0.1408737865,0.0723829496,0.1466702796
0.1292315681,0.0086501574,0.0000000000,0.0995652751,0.1348329772,0.0206750816,0.0167589493,0.0000000000,0.0750122069,0.1113287835,0.0356887943,0.0000000000,0.0000000000,0.0545637699,0.0000000000,0.1209069126,0.1017261069,0.0910594173
0.0000000000,0.0000000000,0.0000000000,0.0000000000,0.0000000000,0.0000000000,0.0000000000,0.0000000000,0.0000000000,0.0000000000,0.0000000000,0.0000000000,0.0000000000,0.0000000000,0.0000000000,0.0000000000,0.2402011166,0.7597988834
0.0002092573,0.7988996866,0.0000000000,0.0005468988,0.0001472896,0.1981684732,0.0004631242,0.0000000000,0.0003071389,0.0003091737,0.0003755660,0.0000000000,0.0000000000,0.0000116089,0.0005617830,0.0000000000,0.0000000000,0.0000000000
0.0656685156,0.0174909505,0.0000000000,0.1273590624,0.1594038645,0.0580847149,0.1130065742,0.0000000000,0.0325124407,0.0493272783,0.0195994512,0.0000000000,0.0000000000,0.1059309510,0.0333866598,0.0575572557,0.0000000000,0.1606722813
0.0004015476,0.9014781211,0.0000000000,0.0004107420,0.0005774088,0.0001771657,0.0952833787,0.0000000000,0.0003174299,0.0004966460,0.0002358944,0.0000000000,0.0000000000,0.0000049879,0.0001592511,0.0003380931,0.0001193337,0.0000000000
