0.0000000000,0.0000000000,0.0000000000,0.0019435940,0.0000000000,0.0000000000,0.9865113071,0.0000000000,0.0010903389,0.0007234133,0.0008022136,0.0000000000,0.0000000000,0.0003229212,0.0017263897,0.0031877854,0.0020702241,0.0016218127
0.0000000000,0.0000000000,1.0000000000,0.0000000000,0.0000000000,0.0000000000,0.0000000000,0.0000000000,0.0000000000,0.0000000000,0.0000000000,0.0000000000,0.0000000000,0.0000000000,0.0000000000,0.0000000000,0.0000000000,0.0000000000
1.0000000000,0.0000000000,0.0000000000,0.0000000000,0.0000000000,0.0000000000,0.0000000000,0.0000000000,0.0000000000,0.0000000000,0.0000000000,0.0000000000,0.0000000000,0.0000000000,0.0000000000,0.0000000000,0.0000000000,0.0000000000
0.0000000000,0.0000000000,0.0000000000,0.0002116507,0.0000000000,0.0000000000,0.3870961861,0.0000000000,0.0001790790,0.0002005956,0.0002686545,0.0000000000,0.0000000000,0.0003009596,0.0000153114,0.4667864079,0.0002196092,0.1447215460
0.0000000000,0.0000000000,1.0000000000,0.0000000000,0.0000000000,0.0000000000,0.0000000000,0.0000000000,0.0000000000,0.0000000000,0.0000000000,0.0000000000,0.0000000000,0.0000000000,0.0000000000,0.0000000000,0.0000000000,0.0000000000
0.0000000000,1.0000000000,0.0000000000,0.0000000000,0.0000000000,0.0000000000,0.0000000000,0.0000000000,0.0000000000,0.0000000000,0.0000000000,0.0000000000,0.0000000000,0.0000000000,0.0000000000,0.0000000000,0.0000000000,0.0000000000
0.2398336676,0.0000000000,0.0000000000,0.0009752302,0.0000000000,0.0000000000,0.3370578348,0.0000000000,0.0008073198,0.0010343995,0.0003105485,0.0000000000,0.0000000000,0.0007450608,0.0008414166,0.0007378778,0.0006899175,0.4169667270
0.1590247566,0.1282130607,0.0000000000,0.0000000000,0.0000000000,0.0000000000,0.1148186760,0.0000000000,0.1361042336,0.0587479096,0.0438660806,0.0000000000,0.0000000000,0.0758107159,0.0436154063,0.0643382194,0.0471072697,0.1283536715
0.0086569389,0.9653416589,0.0000000000,0.0164181050,0.0000000000,0.0095832972,0.0000000000,0.0000000000,0.0000000000,0.0000000000,0.0000000000,0.0000000000,0.0000000000,0.0000000000,0.0000000000,0.0000000000,0.0000000000,0.0000000000
0.0000000000,0.0000000000,0.0000000000,0.0000000000,1.0000000000,0.0000000000,0.0000000000,0.0000000000,0.0000000000,0.0000000000,0.0000000000,0.0000000000,0.0000000000,0.0000000000,0.0000000000,0.0000000000,0.0000000000,0.0000000000
0.0000000000,0.0000000000,0.0000000000,0.0000000000,0.0000000000,0.0000000000,0.4283725718,0.0000000000,0.0002273814,0.0020609581,0.0009219185,0.0000000000,0.0000000000,0.0020829763,0.0022792699,0.5632609503,0.0002358372,0.0005581366
0.0000000000,0.0000000000,0.0000000000,0.0000000000,0.0000000000,0.0000000000,0.0000000000,0.3232453509,0.0011075748,0.0006979499,0.0007148921,0.0000000000,0.0000000000,0.0013172501,0.1205167229,0.0006896496,0.0012095770,0.5505010327
0.0011651436,0.7700891098,0.0000000000,0.0011300427,0.0010075522,0.2266081517,0.0000000000,0.0000000000,0.0000000000,0.0000000000,0.0000000000,0.0000000000,0.0000000000,0.0000000000,0.0000000000,0.0000000000,0.0000000000,0.0000000000
0.0115053107,0.1403672338,0.0000000000,0.1458437529,0.0336745478,0.1143197225,0.0377712281,0.0000000000,0.0000000000,0.1306920318,0.1393742642,0.0000000000,0.0000000000,0.0004796603,0.0206737076,0.0740918298,0.1090478662,0.0421588445
0.1505233390,0.0267542179,0.0000000000,0.0944191622,0.0586397461,0.0934953935,0.1298787510,0.0000000000,0.0403277377,0.0000000000,0.0598859119,0.0000000000,0.0000000000,0.0554184243,0.0431401725,0.0935587600,0.1420890070,0.0118693770
0.0830040212,0.0514857724,0.0000000000,0.0975773837,0.0476232076,0.1162126849,0.0465281465,0.0000000000,0.1141526256,0.0639219583,0.0000000000,0.0000000000,0.0000000000,0.0421033024,0.1087679923,0.0534354876,0.0802451957,0.0949422218
0.0376451131,0.0335381151,0.0000000000,0.0921437568,0.0235934762,0.0771865579,0.1039777244,0.0000000000,0.1046675329,0.0864874850,0.0765388615,0.0000000000,0.0000000000,0.0746374183,0.0116679458,0.0999493167,0.1144190750,0.0635476214
0.0703679040,0.1057346241,0.0000000000,0.0996568669,0.0021020664,0.0784808084,0.1059061917,0.0000000000,0.1075617724,0.0326125169,0.0047387441,0.0000000000,0.0000000000,0.0847101077,0.0788369597,0.0809833593,0.0497138878,0.0985941905
0.1191297835,0.1386149748,0.0000000000,0.1360783499,0.1366526955,0.1264161620,0.0177633280,0.0000000000,0.0700255266,0.0283887617,0.0265398704,0.0000000000,0.0000000000,0.0000000000,0.0166085730,0.0324371296,0.0685799729,0.0827648721
0.0604124848,0.0140541143,0.0000000000,0.0291037968,0.0241062389,0.0844540556,0.1221211599,0.0000000000,0.0549993115,0.1383160035,0.1211175376,0.0000000000,0.0000000000,0.0905756902,0.0000000000,0.0203261901,0.0413435374,0.1990698795
0.0000000000,0.0000000000,0.0000000000,0.0000000000,0.0000000000,0.0000000000,0.0000000000,0.0000000000,0.0000000000,0.0000000000,0.0000000000,0.0000000000,0.0000000000,0.0000000000,0.0000000000,0.0000000000,0.3385093668,0.6614906332
0.2564424473,0.4137297090,0.0000000000,0.0004633237,0.0003078525,0.2632576916,0.0641186149,0.0000000000,0.0000857125,0.0004951318,0.0004234077,0.0000000000,0.0000000000,0.0005212582,0.0001548507,0.0000000000,0.0000000000,0.0000000000
0.0935127326,0.1373072038,0.0000000000,0.1422938158,0.1473754409,0.0761078634,0.0031165214,0.0000000000,0.0265977944,0.1419446659,0.0492388570,0.0000000000,0.0000000000,0.1456761686,0.0226538206,0.0042087241,0.0000000000,0.0099663914
0.0002201560,0.8988536745,0.0000000000,0.0001162826,0.0361894070,0.0324960243,0.0000696771,0.0000000000,0.0000657242,0.0002600156,0.0000745768,0.0000000000,0.0000000000,0.0000291832,0.0003192910,0.0311752791,0.0001307087,0.0000000000
