0.0000000000,0.0000000000,0.0000000000,0.0000405774,0.0000000000,0.0000000000,0.2445413485,0.0000000000,0.0000404851,0.0002034296,0.0001792959,0.0000000000,0.0000000000,0.0000986820,0.0002803721,0.6033938783,0.0000256545,0.1511962766
0.0000000000,0.0000000000,1.0000000000,0.0000000000,0.0000000000,0.0000000000,0.0000000000,0.0000000000,0.0000000000,0.0000000000,0.0000000000,0.0000000000,0.0000000000,0.0000000000,0.0000000000,0.0000000000,0.0000000000,0.0000000000
1.0000000000,0.0000000000,0.0000000000,0.0000000000,0.0000000000,0.0000000000,0.0000000000,0.0000000000,0.0000000000,0.0000000000,0.0000000000,0.0000000000,0.0000000000,0.0000000000,0.0000000000,0.0000000000,0.0000000000,0.0000000000
0.0000000000,0.0000000000,0.0000000000,0.0000153624,0.0000000000,0.0000000000,0.2137939924,0.0000000000,0.0000403139,0.0000590608,0.0000036096,0.0000000000,0.0000000000,0.0000210984,0.0000396316,0.4711663852,0.0000421943,0.3148183515
0.0000000000,0.0000000000,1.0000000000,0.0000000000,0.0000000000,0.0000000000,0.0000000000,0.0000000000,0.0000000000,0.0000000000,0.0000000000,0.0000000000,0.0000000000,0.0000000000,0.0000000000,0.0000000000,0.0000000000,0.0000000000
0.0000000000,1.0000000000,0.0000000000,0.0000000000,0.0000000000,0.0000000000,0.0000000000,0.0000000000,0.0000000000,0.0000000000,0.0000000000,0.0000000000,0.0000000000,0.0000000000,0.0000000000,0.0000000000,0.0000000000,0.0000000000
0.4883316483,0.0000000000,0.0000000000,0.0000607848,0.0000000000,0.0000000000,0.1370994251,0.0000000000,0.0002706356,0.0002555487,0.0001902348,0.0000000000,0.0000000000,0.0001410357,0.0860414453,0.1539669123,0.0000083402,0.1336339893
0.1262813334,0.0856088905,0.0000000000,0.0000000000,0.0000000000,0.0000000000,0.0619571174,0.0000000000,0.1176889237,0.1562255884,0.0146591116,0.0000000000,0.0000000000,0.1427604182,0.0030474144,0.0982497148,0.0692678144,0.1242536734
0.0010078636,0.6935215953,0.0000000000,0.0003993711,0.0000000000,0.3050711700,0.0000000000,0.0000000000,0.0000000000,0.0000000000,0.0000000000,0.0000000000,0.0000000000,0.0000000000,0.0000000000,0.0000000000,0.0000000000,0.0000000000
0.0000000000,0.0000000000,0.0000000000,0.0000000000,1.0000000000,0.0000000000,0.0000000000,0.0000000000,0.0000000000,0.0000000000,0.0000000000,0.0000000000,0.0000000000,0.0000000000,0.0000000000,0.0000000000,0.0000000000,0.0000000000
0.0000000000,0.0000000000,0.0000000000,0.0000000000,0.0000000000,0.0000000000,0.6447658835,0.0000000000,0.0001546785,0.0000794487,0.0001941020,0.0000000000,0.0000000000,0.0001431522,0.0003929973,0.1629456253,0.0001146725,0.1912094400
0.0000000000,0.0000000000,0.0000000000,0.0000000000,0.0000000000,0.0000000000,0.0000000000,0.3040890188,0.0000681842,0.0002071525,0.0000289535,0.0000000000,0.0000000000,0.0001308225,0.0000352324,0.4429102943,0.0001807888,0.2523495530
0.0000390298,0.4461431068,0.0000000000,0.0001203601,0.0004433117,0.5532541915,0.0000000000,0.0000000000,0.0000000000,0.0000000000,0.0000000000,0.0000000000,0.0000000000,0.0000000000,0.0000000000,0.0000000000,0.0000000000,0.0000000000
0.0280563381,0.0079940866,0.0000000000,0.0386723953,0.0358106658,0.1035409553,0.0291899986,0.0000000000,0.0000000000,0.1199260503,0.1312043980,0.0000000000,0.0000000000,0.0891134730,0.1160215156,0.1211046667,0.1028671036,0.0764983531
0.1163862709,0.1036712998,0.0000000000,0.0424827949,0.1014035481,0.0051194574,0.0708626059,0.0000000000,0.1490848182,0.0000000000,0.0787944833,0.0000000000,0.0000000000,0.0675249235,0.0209094482,0.0030464564,0.1493708906,0.0913430027
0.0069833039,0.1030035536,0.0000000000,0.0306173843,0.0878962532,0.0826960666,0.0788560101,0.0000000000,0.0415108680,0.0913931314,0.0000000000,0.0000000000,0.0000000000,0.0247398952,0.1136082175,0.1270240539,0.0923020630,0.1193691994
0.0840605901,0.0120901458,0.0000000000,0.0752079060,0.1434690378,0.1196376344,0.0290226707,0.0000000000,0.1016901947,0.0282477809,0.0277676320,0.0000000000,0.0000000000,0.1020718140,0.0874335648,0.0302881322,0.0890939411,0.0699189557
0.0781478536,0.0438602869,0.0000000000,0.0529764181,0.0355119188,0.0527951163,0.0883170371,0.0000000000,0.0415788387,0.1044848573,0.0815863588,0.0000000000,0.0000000000,0.1059152126,0.0750802162,0.0744933221,0.0697025254,0.0955500380
0.1126552591,0.0841083674,0.0000000000,0.0307839813,0.1054117786,0.0691792206,0.1153373330,0.0000000000,0.0803842055,0.0422265231,0.0492077953,0.0000000000,0.0000000000,0.0000000000,0.0059957487,0.1348648199,0.1209546715,0.0488902960
0.0880649204,0.1120123442,0.0000000000,0.0355092671,0.1394234806,0.0231317201,0.1321187038,0.0000000000,0.0232804464,0.1365084647,0.0035684272,0.0000000000,0.0000000000,0.0775545835,0.0000000000,0.0317299347,0.1018802003,0.0952175069
0.0000000000,0.0000000000,0.0000000000,0.0000000000,0.0000000000,0.0000000000,0.0000000000,0.0000000000,0.0000000000,0.0000000000,0.0000000000,0.0000000000,0.0000000000,0.0000000000,0.0000000000,0.0000000000,0.1497802731,0.8502197269
0.0580033439,0.3228347707,0.0000000000,0.0001652631,0.0000194357,0.2908813769,0.3278034541,0.0000000000,0.0000671742,0.0001103763,0.0000514707,0.0000000000,0.0000000000,0.0000613022,0.0000020323,0.0000000000,0.0000000000,0.0000000000
0.0353541403,0.1290606596,0.0000000000,0.1130922518,0.0385680242,0.0966071532,0.0754879715,0.0000000000,0.0279108685,0.1343183055,0.0761657119,0.0000000000,0.0000000000,0.0908316955,0.1408524269,0.0113460851,0.0000000000,0.0304047061
0.0001300051,0.7762853490,0.0000000000,0.0000203857,0.0000111738,0.2231780454,0.0000850872,0.0000000000,0.0000141688,0.0000270900,0.0000309805,0.0000000000,0.0000000000,0.0000514593,0.0000480995,0.0000519088,0.0000662470,0.0000000000
