0.0000000000,0.0000000000,0.0000000000,0.0000592195,0.0000000000,0.0000000000,0.2255712403,0.0000000000,0.0004321495,0.0002433057,0.0007248294,0.0000000000,0.0000000000,0.0002662085,0.0002950496,0.7721844154,0.0001146941,0.0001088881
0.0000000000,0.0000000000,1.0000000000,0.0000000000,0.0000000000,0.0000000000,0.0000000000,0.0000000000,0.0000000000,0.0000000000,0.0000000000,0.0000000000,0.0000000000,0.0000000000,0.0000000000,0.0000000000,0.0000000000,0.0000000000
1.0000000000,0.0000000000,0.0000000000,0.0000000000,0.0000000000,0.0000000000,0.0000000000,0.0000000000,0.0000000000,0.0000000000,0.0000000000,0.0000000000,0.0000000000,0.0000000000,0.0000000000,0.0000000000,0.0000000000,0.0000000000
0.0000000000,0.0000000000,0.0000000000,0.0000713066,0.0000000000,0.0000000000,0.4494710030,0.0000000000,0.0000595288,0.0000378018,0.0000227588,0.0000000000,0.0000000000,0.0000074909,0.0277934058,0.2994688233,0.0000414817,0.2230263994
0.0000000000,0.0000000000,1.0000000000,0.0000000000,0.0000000000,0.0000000000,0.0000000000,0.0000000000,0.0000000000,0.0000000000,0.0000000000,0.0000000000,0.0000000000,0.0000000000,0.0000000000,0.0000000000,0.0000000000,0.0000000000
0.0000000000,1.0000000000,0.0000000000,0.0000000000,0.0000000000,0.0000000000,0.0000000000,0.0000000000,0.0000000000,0.0000000000,0.0000000000,0.0000000000,0.0000000000,0.0000000000,0.0000000000,0.0000000000,0.0000000000,0.0000000000
0.0000384343,0.0000000000,0.0000000000,0.0001527530,0.0000000000,0.0000000000,0.3615778044,0.0000000000,0.0004005782,0.0003499045,0.0002074352,0.0000000000,0.0000000000,0.0003515548,0.0001498570,0.4946972240,0.0000065726,0.1420678819
0.0024134276,0.1119330539,0.0000000000,0.0000000000,0.0000000000,0.0000000000,0.1021408987,0.0000000000,0.1480489355,0.1310344390,0.1616926885,0.0000000000,0.0000000000,0.0166294551,0.0972338154,0.1345445675,0.0563655849,0.0379631341
0.0022160938,0.0004888397,0.0000000000,0.0020840554,0.0000000000,0.9952110111,0.0000000000,0.0000000000,0.0000000000,0.0000000000,0.0000000000,0.0000000000,0.0000000000,0.0000000000,0.0000000000,0.0000000000,0.0000000000,0.0000000000
0.0000000000,0.0000000000,0.0000000000,0.0000000000,1.0000000000,0.0000000000,0.0000000000,0.0000000000,0.0000000000,0.0000000000,0.0000000000,0.0000000000,0.0000000000,0.0000000000,0.0000000000,0.0000000000,0.0000000000,0.0000000000
0.0000000000,0.0000000000,0.0000000000,0.0000000000,0.0000000000,0.0000000000,0.8313730234,0.0000000000,0.0004503208,0.0003368636,0.0005726241,0.0000000000,0.0000000000,0.0003395567,0.0000619981,0.0000948578,0.0003414036,0.1664293519
0.0000000000,0.0000000000,0.0000000000,0.0000000000,0.0000000000,0.0000000000,0.0000000000,0.3404941454,0.0003647930,0.0004142885,0.0000080973,0.0000000000,0.0000000000,0.0003868796,0.0001250215,0.2141605249,0.0002847657,0.4437614840
0.1412929543,0.8572663368,0.0000000000,0.0006301963,0.0005637152,0.0002467973,0.0000000000,0.0000000000,0.0000000000,0.0000000000,0.0000000000,0.0000000000,0.0000000000,0.0000000000,0.0000000000,0.0000000000,0.0000000000,0.0000000000
0.0623862849,0.1497075454,0.0000000000,0.1321629001,0.0882806918,0.0607481522,0.0566617059,0.0000000000,0.0000000000,0.0366857967,0.0177013161,0.0000000000,0.0000000000,0.1102593116,0.1310355038,0.0570400912,0.0169687345,0.0803619659
0.0660685116,0.0466720134,0.0000000000,0.0329652750,0.1511868682,0.0444339861,0.0132889047,0.0000000000,0.1345782017,0.0000000000,0.0318653285,0.0000000000,0.0000000000,0.0969097916,0.0584767960,0.1169929146,0.1175501795,0.0890112292
0.1371868186,0.1335497630,0.0000000000,0.0295121138,0.0427246997,0.0469306307,0.0840200708,0.0000000000,0.1517562717,0.0121722735,0.0000000000,0.0000000000,0.0000000000,0.0341627206,0.0032430956,0.0912749598,0.0781733086,0.1552932734
0.0629980051,0.0518161501,0.0000000000,0.0900920335,0.1027867754,0.0311345351,0.0074530569,0.0000000000,0.1096764663,0.0607014825,0.1051336308,0.0000000000,0.0000000000,0.0046761545,0.1472651726,0.0850116326,0.0473427603,0.0939121442
0.0838826018,0.0371680585,0.0000000000,0.0013024802,0.0468795965,0.0477166367,0.1000223991,0.0000000000,0.0642827377,0.1158436251,0.0217882219,0.0000000000,0.0000000000,0.0574986571,0.1417837141,0.0772217446,0.0695590258,0.1350505008
0.0357550546,0.0525851515,0.0000000000,0.0426288122,0.1147873492,0.0064381364,0.1149884982,0.0000000000,0.0374902267,0.1315236137,0.2024148508,0.0000000000,0.0000000000,0.0000000000,0.0600618816,0.0041554236,0.0556775147,0.1414934870
0.0126217592,0.1328487119,0.0000000000,0.1090011402,0.0902432482,0.1436261023,0.0078509496,0.0000000000,0.1563984714,0.0634945777,0.0827125001,0.0000000000,0.0000000000,0.1351010333,0.0000000000,0.0147234525,0.0021403548,0.0492376989
0.0000000000,0.0000000000,0.0000000000,0.0000000000,0.0000000000,0.0000000000,0.0000000000,0.0000000000,0.0000000000,0.0000000000,0.0000000000,0.0000000000,0.0000000000,0.0000000000,0.0000000000,0.0000000000,0.0030716049,0.9969283951
0.2489848271,0.4993309523,0.0000000000,0.0000620938,0.0000270500,0.0805469264,0.1703870046,0.0000000000,0.0001929524,0.0001573719,0.0000565460,0.0000000000,0.0000000000,0.0001220601,0.0001322153,0.0000000000,0.0000000000,0.0000000000
0.0377208817,0.1364758094,0.0000000000,0.0127511244,0.0331758758,0.1612108627,0.0768108041,0.0000000000,0.0244659486,0.0108606187,0.0178640835,0.0000000000,0.0000000000,0.0767983104,0.1450846218,0.0994542582,0.0000000000,0.1673268006
0.0374984530,0.6406997750,0.0000000000,0.0000724026,0.0486547972,0.2318157772,0.0408409907,0.0000000000,0.0000820237,0.0000263057,0.0001122947,0.0000000000,0.0000000000,0.0001031273,0.0000070844,0.0000796672,0.0000073014,0.0000000000
