0.0000000000,0.0000000000,0.0000000000,0.0001443072,0.0000000000,0.0000000000,0.6572955858,0.0000000000,0.0002812199,0.0004934110,0.0003145276,0.0000000000,0.0000000000,0.0001997078,0.0002814757,0.0002805886,0.0002819796,0.3404271968
0.0000000000,0.0000000000,1.0000000000,0.0000000000,0.0000000000,0.0000000000,0.0000000000,0.0000000000,0.0000000000,0.0000000000,0.0000000000,0.0000000000,0.0000000000,0.0000000000,0.0000000000,0.0000000000,0.0000000000,0.0000000000
1.0000000000,0.0000000000,0.0000000000,0.0000000000,0.0000000000,0.0000000000,0.0000000000,0.0000000000,0.0000000000,0.0000000000,0.0000000000,0.0000000000,0.0000000000,0.0000000000,0.0000000000,0.0000000000,0.0000000000,0.0000000000
0.0000000000,0.0000000000,0.0000000000,0.0000276633,0.0000000000,0.0000000000,0.3229202271,0.0000000000,0.0000004183,0.0000174398,0.0000140996,0.0000000000,0.0000000000,0.0000559772,0.0119082285,0.4319666066,0.0000317832,0.2330575564
0.0000000000,0.0000000000,1.0000000000,0.0000000000,0.0000000000,0.0000000000,0.0000000000,0.0000000000,0.0000000000,0.0000000000,0.0000000000,0.0000000000,0.0000000000,0.0000000000,0.0000000000,0.0000000000,0.0000000000,0.0000000000
0.0000000000,1.0000000000,0.0000000000,0.0000000000,0.0000000000,0.0000000000,0.0000000000,0.0000000000,0.0000000000,0.0000000000,0.0000000000,0.0000000000,0.0000000000,0.0000000000,0.0000000000,0.0000000000,0.0000000000,0.0000000000
0.5012302150,0.0000000000,0.0000000000,0.0006640330,0.0000000000,0.0000000000,0.0011752730,0.0000000000,0.0006912302,0.0009526897,0.0011526011,0.0000000000,0.0000000000,0.0007821917,0.0011437151,0.4910090411,0.0009395707,0.0002594394
0.0042805775,0.1004513141,0.0000000000,0.0000000000,0.0000000000,0.0000000000,0.0719953535,0.0000000000,0.1394821437,0.0070818786,0.1120992395,0.0000000000,0.0000000000,0.1231034531,0.1946001016,0.0573434035,0.1023633379,0.0871991970
0.0012043759,0.0019437718,0.0000000000,0.0037202403,0.0000000000,0.9931316119,0.0000000000,0.0000000000,0.0000000000,0.0000000000,0.0000000000,0.0000000000,0.0000000000,0.0000000000,0.0000000000,0.0000000000,0.0000000000,0.0000000000
0.0000000000,0.0000000000,0.0000000000,0.0000000000,1.0000000000,0.0000000000,0.0000000000,0.0000000000,0.0000000000,0.0000000000,0.0000000000,0.0000000000,0.0000000000,0.0000000000,0.0000000000,0.0000000000,0.0000000000,0.0000000000
0.0000000000,0.0000000000,0.0000000000,0.0000000000,0.0000000000,0.0000000000,0.0013482619,0.0000000000,0.0001426086,0.0006069523,0.0010039801,0.0000000000,0.0000000000,0.0004900814,0.0003254076,0.9951133040,0.0000859044,0.0008834997
0.0000000000,0.0000000000,0.0000000000,0.0000000000,0.0000000000,0.0000000000,0.0000000000,0.2275333175,0.0002766088,0.0002703671,0.0004874320,0.0000000000,0.0000000000,0.0003867009,0.0005210296,0.3511234021,0.0003341256,0.4190670165
0.0003095997,0.8380548948,0.0000000000,0.0006372173,0.0000218285,0.1609764597,0.0000000000,0.0000000000,0.0000000000,0.0000000000,0.0000000000,0.0000000000,0.0000000000,0.0000000000,0.0000000000,0.0000000000,0.0000000000,0.0000000000
0.0613318778,0.0219729279,0.0000000000,0.0390916925,0.1194814677,0.0057881275,0.1367267237,0.0000000000,0.0000000000,0.0053243168,0.1271348037,0.0000000000,0.0000000000,0.0320678897,0.0216937706,0.0531891100,0.2072479408,0.1689493512
0.1211248849,0.0453066502,0.0000000000,0.0390384239,0.0005509672,0.1191570188,0.1581385255,0.0000000000,0.0313079655,0.0000000000,0.0500782588,0.0000000000,0.0000000000,0.0617363281,0.0080268258,0.1498447934,0.1411166795,0.0745726782
0.0297390054,0.0722613835,0.0000000000,0.1297743510,0.0013158069,0.1174814418,0.1370406229,0.0000000000,0.0598265317,0.1476112857,0.0000000000,0.0000000000,0.0000000000,0.0262547594,0.0342258492,0.0653718072,0.0397916192,0.1393055363
0.0392529543,0.0321571090,0.0000000000,0.0921365023,0.1043111736,0.0441853193,0.0360703618,0.0000000000,0.0284575438,0.0254877414,0.1341557915,0.0000000000,0.0000000000,0.0847588511,0.1173087644,0.0975449433,0.1174693283,0.0467036161
0.0414408182,0.0735470542,0.0000000000,0.0995613433,0.1053822839,0.0315776573,0.0950240035,0.0000000000,0.0494402058,0.0711510685,0.0619858260,0.0000000000,0.0000000000,0.0568737274,0.0838859735,0.0345976252,0.0802051445,0.1153272686
0.0348592667,0.0702513279,0.0000000000,0.1366926974,0.0817451915,0.0501605597,0.0613956262,0.0000000000,0.1326426259,0.0247933907,0.0238453895,0.0000000000,0.0000000000,0.0000000000,0.1316422911,0.0823520396,0.1148915801,0.0547280137
0.0756545687,0.0261107431,0.0000000000,0.1135645004,0.1031315084,0.0417131434,0.0036492228,0.0000000000,0.0917706424,0.1161193259,0.1098062630,0.0000000000,0.0000000000,0.0648884571,0.0000000000,0.0615125891,0.0753590747,0.1167199611
0.0000000000,0.0000000000,0.0000000000,0.0000000000,0.0000000000,0.0000000000,0.0000000000,0.0000000000,0.0000000000,0.0000000000,0.0000000000,0.0000000000,0.0000000000,0.0000000000,0.0000000000,0.0000000000,0.5645170545,0.4354829455
0.0000345114,0.9079559873,0.0000000000,0.0002381796,0.0003297549,0.0901814514,0.0002107990,0.0000000000,0.0003742360,0.0001893855,0.0001285211,0.0000000000,0.0000000000,0.0000570178,0.0003001560,0.0000000000,0.0000000000,0.0000000000
0.0425636792,0.1604373664,0.0000000000,0.0256040298,0.1033490232,0.0366307838,0.0879642872,0.0000000000,0.1321846517,0.0409508002,0.0072159292,0.0000000000,0.0000000000,0.1055630212,0.0700584603,0.1060407153,0.0000000000,0.0814372526
0.0002896807,0.4203872015,0.0000000000,0.0000720176,0.0001856642,0.2177667561,0.3597110417,0.0000000000,0.0000915350,0.0003009456,0.0002400224,0.0000000000,0.0000000000,0.0002956071,0.0001933240,0.0003245248,0.0001416794,0.0000000000
